1.134668827056884766e+00
-8.580986261367797852e-01
-1.311464071273803711e+00
-5.132974386215209961e-01
-3.739843368530273438e-01
3.948299214243888855e-02
-1.260627269744873047e+00
5.289173498749732971e-02
1.796799898147583008e-01
-8.473034501075744629e-01
2.945554852485656738e-01
2.289662122726440430e+00
5.600128769874572754e-01
-7.930430769920349121e-01
2.159949779510498047e+00
-4.681963920593261719e-01
-5.625148769468069077e-03
-4.507159888744354248e-01
8.312079906463623047e-01
-9.456929564476013184e-01
-1.842116475105285645e+00
-6.469611525535583496e-01
-6.817346215248107910e-01
-2.470343261957168579e-01
1.015591621398925781e+00
9.760372638702392578e-01
-1.008818030357360840e+00
7.530660033226013184e-01
-6.036445498466491699e-01
6.804212927818298340e-01
8.193826675415039062e-01
2.621736526489257812e-01
1.205295994877815247e-01
-5.398199558258056641e-01
2.447919607162475586e+00
-4.728631973266601562e-01
-4.814832806587219238e-01
-5.426967740058898926e-01
5.671487376093864441e-02
4.527515172958374023e-01
-6.828879714012145996e-01
-2.643246389925479889e-02
-1.517871975898742676e+00
1.114994168281555176e+00
-1.272236824035644531e+00
-4.322113394737243652e-01
8.254994153976440430e-01
9.874228239059448242e-01
-4.419388771057128906e-01
4.705547392368316650e-01
3.745354712009429932e-01
1.898076176643371582e+00
1.096177816390991211e+00
-6.098342537879943848e-01
1.889134526252746582e+00
-1.104333281517028809e+00
-1.227135136723518372e-01
-3.505583107471466064e-01
5.587764978408813477e-01
-9.306809306144714355e-01
-9.513546228408813477e-01
1.784060239791870117e+00
2.175844669342041016e+00
7.104594707489013672e-01
-4.472492635250091553e-01
1.629828095436096191e+00
-1.177802085876464844e+00
-1.045630097389221191e+00
1.216477513313293457e+00
5.804196596145629883e-01
6.049997732043266296e-02
-1.716101408004760742e+00
6.916024088859558105e-01
-4.574687480926513672e-01
1.342412829399108887e+00
5.830096006393432617e-01
3.807538151741027832e-01
3.228891491889953613e-01
-1.539990782737731934e+00
-1.269789218902587891e+00
-1.364866375923156738e+00
-6.257626414299011230e-01
-4.127367436885833740e-01
1.490066170692443848e+00
3.245495557785034180e-01
-1.130083680152893066e+00
1.124266862869262695e+00
1.952110648155212402e+00
-1.473637461662292480e+00
-1.940789520740509033e-01
1.120469570159912109e+00
-1.342595219612121582e+00
5.906199216842651367e-01
6.591847538948059082e-01
-1.980980157852172852e+00
6.417256593704223633e-01
-7.563045620918273926e-01
-1.158288359642028809e+00
2.555538900196552277e-02
-3.639912903308868408e-01
1.433426737785339355e+00
1.310551404953002930e+00
1.832959651947021484e+00
-6.315976977348327637e-01
1.029286742210388184e+00
-6.313165426254272461e-01
-2.420789480209350586e+00
-5.749372839927673340e-01
-4.731318950653076172e-01
-1.828466534614562988e+00
-4.119616150856018066e-01
1.612402200698852539e-01
-1.045127153396606445e+00
6.695166826248168945e-01
8.958904743194580078e-01
-1.665467768907546997e-01
1.446347475051879883e+00
9.309585094451904297e-01
-6.388390660285949707e-01
1.933752179145812988e+00
5.894915461540222168e-01
1.825545191764831543e+00
1.449906378984451294e-01
-1.254947066307067871e+00
1.902534365653991699e+00
1.084700465202331543e+00
7.251899838447570801e-01
3.538187444210052490e-01
