1.117207258939743042e-01
-3.029755949974060059e-01
2.550612986087799072e-01
5.479173064231872559e-01
-1.557938754558563232e-01
7.147742509841918945e-01
1.249575138092041016e+00
-1.768831908702850342e-01
1.773995161056518555e-01
-1.191250324249267578e+00
-2.565393447875976562e-01
2.937774658203125000e-01
1.096679329872131348e+00
-4.719671905040740967e-01
-4.534655511379241943e-01
4.258690774440765381e-02
2.853227257728576660e-01
1.101710915565490723e+00
7.881461381912231445e-01
8.209896273910999298e-03
1.032102227210998535e+00
1.635196991264820099e-02
2.221393287181854248e-01
-5.717641208320856094e-03
1.131450057029724121e+00
-1.536446213722229004e+00
-7.913087010383605957e-01
1.427053332328796387e+00
-5.754306912422180176e-01
1.739298939704895020e+00
-1.434778451919555664e+00
3.049462735652923584e-01
1.101867794990539551e+00
1.537081956863403320e+00
1.323778986930847168e+00
-7.264743745326995850e-02
-1.895930767059326172e-01
-1.215445771813392639e-01
1.076289415359497070e+00
-4.760398864746093750e-01
8.795793652534484863e-01
8.944129347801208496e-01
4.154901206493377686e-02
1.185559630393981934e+00
4.723973274230957031e-01
1.163913011550903320e+00
5.198225975036621094e-01
-1.224821090698242188e+00
6.142303943634033203e-01
-8.313547968864440918e-01
-3.779005631804466248e-02
-1.737762689590454102e+00
1.037019267678260803e-01
5.980145931243896484e-01
-5.947626829147338867e-01
2.530697882175445557e-01
3.064215183258056641e-02
2.789975404739379883e-01
-3.545270264148712158e-01
-1.237379908561706543e+00
7.015622854232788086e-01
-1.021848693490028381e-01
-9.280111789703369141e-01
-4.391265809535980225e-01
1.573405385017395020e+00
-7.881813496351242065e-02
9.802852272987365723e-01
2.960563600063323975e-01
8.484041690826416016e-01
-9.834206700325012207e-01
-1.451338171958923340e+00
-9.051236510276794434e-01
-1.389409065246582031e+00
-1.117098569869995117e+00
-1.899829149246215820e+00
-9.549946188926696777e-01
9.032266736030578613e-01
-1.341137588024139404e-01
1.108315438032150269e-01
1.215345710515975952e-01
-2.423908412456512451e-01
-1.093408092856407166e-01
3.650550544261932373e-01
-1.614246487617492676e+00
8.368967175483703613e-01
-2.983132004737854004e-01
-5.352615714073181152e-01
-7.368542551994323730e-01
-6.098168492317199707e-01
-1.160341143608093262e+00
5.286872386932373047e-01
3.541686236858367920e-01
6.881812810897827148e-01
-1.260778546333312988e+00
-3.265498578548431396e-01
7.786700129508972168e-01
1.385773897171020508e+00
-9.993402957916259766e-01
-2.045552134513854980e-01
-5.206083655357360840e-01
1.159396886825561523e+00
-4.417948722839355469e-01
-1.048158049583435059e+00
4.489898681640625000e-01
-1.647701412439346313e-01
-3.840633034706115723e-01
-1.580116629600524902e+00
2.914383113384246826e-01
3.837835490703582764e-01
6.137583032250404358e-02
4.426956772804260254e-01
-1.197573065757751465e+00
3.608458936214447021e-01
-5.781816840171813965e-01
-1.362462043762207031e+00
-4.040616750717163086e-01
6.338176131248474121e-01
-3.568361997604370117e-01
4.825169742107391357e-01
3.136901378631591797e+00
5.140624642372131348e-01
-1.566058248281478882e-01
1.287067383527755737e-01
-1.109582558274269104e-01
1.286260485649108887e-01
-8.605520129203796387e-01
-5.412448644638061523e-01
8.838666081428527832e-01
4.833369255065917969e-01
1.917044997215270996e+00
1.039968609809875488e+00
-2.817353792488574982e-02
5.648857951164245605e-01
1.547504901885986328e+00
4.883244335651397705e-01
1.077229619026184082e+00
6.215740442276000977e-01
-1.565128713846206665e-01
3.592943251132965088e-01
1.727973699569702148e+00
-6.009438037872314453e-01
-1.921920925378799438e-01
-6.095882654190063477e-01
-7.782602310180664062e-01
-2.478081464767456055e+00
-5.647331476211547852e-01
1.022761821746826172e+00
8.888956159353256226e-02
1.606372714042663574e+00
-1.009846329689025879e+00
5.836511850357055664e-01
1.417808294296264648e+00
-7.323457002639770508e-01
-5.486109256744384766e-01
-8.722932338714599609e-01
1.919545680284500122e-01
5.501424074172973633e-01
-1.690661609172821045e-01
1.084781885147094727e+00
-4.598722606897354126e-02
-1.206212788820266724e-01
1.689841628074645996e+00
-1.523558020591735840e+00
-7.657781839370727539e-01
-6.327642798423767090e-01
1.576471686363220215e+00
1.076439499855041504e+00
7.321587204933166504e-01
-4.668208658695220947e-01
-7.691095769405364990e-02
1.034940719604492188e+00
1.320108890533447266e+00
-2.894319221377372742e-02
7.253337651491165161e-02
3.084868788719177246e-01
8.552913069725036621e-01
9.104040861129760742e-01
-1.339704751968383789e+00
8.784098178148269653e-02
-3.462687432765960693e-01
-2.867893278598785400e-01
1.251879572868347168e+00
4.285309314727783203e-01
1.000443696975708008e+00
3.625245094299316406e-01
-1.862671136856079102e+00
1.186386585235595703e+00
-7.502390742301940918e-01
-2.124562978744506836e+00
8.054172992706298828e-01
-4.847314953804016113e-01
3.234605491161346436e-01
-3.981792330741882324e-01
1.657500714063644409e-01
-4.716151952743530273e-01
-8.936424255371093750e-01
7.824860811233520508e-01
3.863660991191864014e-01
-4.876689612865447998e-01
1.585888713598251343e-01
4.036541879177093506e-01
-4.553321599960327148e-01
-7.794555276632308960e-02
-5.991630554199218750e-01
-9.910824298858642578e-01
-5.013626217842102051e-01
-9.690522551536560059e-01
-5.823477506637573242e-01
5.457565188407897949e-01
3.472341001033782959e-01
1.555281877517700195e-01
-1.294106841087341309e+00
4.345418214797973633e-01
-2.365698814392089844e+00
9.363823533058166504e-01
4.205829203128814697e-01
-1.964752525091171265e-01
3.265367448329925537e-01
3.461107909679412842e-01
-1.104109287261962891e+00
-8.733285665512084961e-01
5.690481513738632202e-02
4.567395746707916260e-01
5.062554776668548584e-02
1.021810650825500488e+00
3.036487102508544922e-01
3.378637731075286865e-01
-5.609849095344543457e-01
7.642126679420471191e-01
-7.676299810409545898e-01
1.744127154350280762e+00
8.203279972076416016e-01
1.254402637481689453e+00
1.575102210044860840e-01
-1.952659487724304199e-01
-1.159785866737365723e+00
2.892071008682250977e-01
-1.633470058441162109e+00
-3.828004002571105957e-01
-1.230890899896621704e-01
-9.743136167526245117e-01
4.431043937802314758e-02
4.773193895816802979e-01
-8.412871360778808594e-01
1.312934637069702148e+00
4.579983353614807129e-01
1.234812259674072266e+00
-1.672995448112487793e+00
-8.145443201065063477e-01
5.773368477821350098e-02
3.946544229984283447e-02
2.711825370788574219e-01
-1.118553653359413147e-01
6.913514137268066406e-01
3.143216371536254883e-01
-8.427526950836181641e-01
-2.369289398193359375e-01
2.033515691757202148e+00
-6.362044215202331543e-01
4.171983897686004639e-01
-6.923030018806457520e-01
6.543923020362854004e-01
1.956223845481872559e-01
-1.836167126893997192e-01
4.800698161125183105e-01
-5.652930140495300293e-01
7.824672460556030273e-01
-1.777065098285675049e-01
4.820505380630493164e-01
-3.085692524909973145e-01
3.062651157379150391e-01
8.451652526855468750e-01
8.605096340179443359e-01
-3.291032314300537109e-01
-1.509327769279479980e+00
1.576092600822448730e+00
3.568627238273620605e-01
-6.526893377304077148e-01
-1.140762418508529663e-01
7.503582835197448730e-01
-1.402895092964172363e+00
3.544708788394927979e-01
-2.467329353094100952e-01
6.261258721351623535e-01
1.599366813898086548e-01
-1.060300588607788086e+00
5.141541361808776855e-01
5.653767585754394531e-01
-8.012879490852355957e-01
-1.501623988151550293e+00
9.458856582641601562e-01
-4.974019229412078857e-01
-7.541822791099548340e-01
6.518301367759704590e-01
1.537707209587097168e+00
8.460348248481750488e-01
-3.670827150344848633e-01
-1.421759605407714844e+00
-9.718981385231018066e-01
-8.458608984947204590e-01
-8.285177350044250488e-01
8.326664566993713379e-02
4.538824260234832764e-01
-1.046942710876464844e+00
1.212780237197875977e+00
-2.417896389961242676e-01
1.256579995155334473e+00
-5.238800048828125000e-01
-3.506878316402435303e-01
-3.093455135822296143e-01
1.045312523841857910e+00
1.324802190065383911e-01
-6.018947809934616089e-02
4.456665813922882080e-01
2.576405107975006104e-01
-1.522187232971191406e+00
5.050018057227134705e-02
-9.126082062721252441e-01
1.026599016040563583e-02
-2.106774598360061646e-01
-1.257751107215881348e+00
-7.706818580627441406e-01
2.201310992240905762e-01
-2.938266284763813019e-02
2.397411912679672241e-01
1.517373800277709961e+00
-6.451704502105712891e-01
1.352692008018493652e+00
2.211166173219680786e-01
6.122166514396667480e-01
4.652820825576782227e-01
-3.962877765297889709e-02
2.490787953138351440e-01
8.172711133956909180e-01
-9.492748975753784180e-01
-5.665787458419799805e-01
7.378832697868347168e-01
-1.454325318336486816e+00
4.920253157615661621e-01
1.831532120704650879e+00
-1.419487595558166504e+00
3.971549868583679199e-01
1.462613642215728760e-01
-8.284153938293457031e-01
-1.627521812915802002e-01
-4.558059573173522949e-01
-1.555011272430419922e+00
2.998820543289184570e-01
-4.250801503658294678e-01
6.634316444396972656e-01
-1.231178760528564453e+00
-2.489028424024581909e-01
-1.104157328605651855e+00
-3.447461873292922974e-02
1.022239446640014648e+00
-3.360097706317901611e-01
-1.122415900230407715e+00
2.741274535655975342e-01
-7.052525877952575684e-01
-6.343429088592529297e-01
-1.579004377126693726e-01
1.296121954917907715e+00
1.461410164833068848e+00
3.289210498332977295e-01
-1.004053354263305664e+00
2.429758161306381226e-01
-1.432819843292236328e+00
-2.069338560104370117e+00
-1.414432406425476074e+00
5.580065846443176270e-01
-1.483909606933593750e+00
-1.106897592544555664e+00
4.674065113067626953e-01
1.713960289955139160e+00
8.366016745567321777e-01
4.367458224296569824e-01
8.668314218521118164e-01
3.152057826519012451e-01
-5.309849977493286133e-01
-6.326677203178405762e-01
1.470501184463500977e+00
4.069981276988983154e-01
-3.568672835826873779e-01
5.171917080879211426e-01
1.628189347684383392e-02
3.084155023097991943e-01
2.367246389389038086e+00
-9.741869568824768066e-01
9.703235030174255371e-01
5.825424194335937500e-01
-1.478933095932006836e-01
-2.035471051931381226e-01
3.185485303401947021e-01
-5.151950120925903320e-01
1.101021915674209595e-01
6.350412964820861816e-01
8.342423439025878906e-01
1.139863848686218262e+00
2.092394791543483734e-02
1.830668210983276367e+00
-4.571226835250854492e-01
1.628767371177673340e+00
2.339961826801300049e-01
1.461631655693054199e-01
-7.154204845428466797e-01
-4.012051224708557129e-01
4.244189262390136719e-01
-1.205509305000305176e+00
7.268735766410827637e-01
-3.883898258209228516e-01
5.773987174034118652e-01
-7.287380695343017578e-01
-1.188416481018066406e-01
1.285868287086486816e+00
6.958510875701904297e-01
-1.741304039955139160e+00
-4.809764921665191650e-01
1.043519854545593262e+00
1.272094249725341797e+00
-3.159000873565673828e-01
2.949063181877136230e-01
-1.769240021705627441e+00
1.916685253381729126e-01
5.408365726470947266e-01
2.010640501976013184e-01
1.293221712112426758e-01
7.261075973510742188e-01
-9.781242012977600098e-01
-3.452177345752716064e-01
-2.917061448097229004e-01
3.789351508021354675e-02
6.633684635162353516e-01
-2.983082234859466553e-01
8.491457104682922363e-01
7.802631855010986328e-01
-3.908398374915122986e-02
7.065989971160888672e-01
4.317057728767395020e-01
-1.612473279237747192e-01
-3.024035096168518066e-01
3.721731305122375488e-01
-3.316678702831268311e-01
1.562986373901367188e+00
1.249423265457153320e+00
6.645632982254028320e-01
1.622032523155212402e+00
-1.500072628259658813e-01
4.252995252609252930e-01
-1.949097365140914917e-01
2.638786137104034424e-01
-4.015122652053833008e-01
-9.525123834609985352e-01
-2.898223400115966797e-01
2.474303990602493286e-01
-9.460236430168151855e-01
-5.277034044265747070e-01
-2.782977223396301270e-01
6.042178273200988770e-01
4.976502060890197754e-01
1.067409753799438477e+00
1.901112645864486694e-01
4.457422494888305664e-01
-7.533771991729736328e-01
-1.844099402427673340e+00
1.447019100189208984e+00
1.248047351837158203e+00
-2.871753275394439697e-02
-9.288886189460754395e-02
4.257897138595581055e-01
2.363829463720321655e-01
-3.063553385436534882e-02
-4.441485106945037842e-01
-6.910755038261413574e-01
2.043219089508056641e+00
-1.306448817253112793e+00
1.076801657676696777e+00
-3.683871626853942871e-01
1.074242830276489258e+00
1.108880043029785156e+00
-6.750892996788024902e-01
1.056944847106933594e+00
-4.610570073127746582e-01
-6.544576287269592285e-01
-1.746232986450195312e+00
-2.869343757629394531e-01
-6.627733707427978516e-01
-1.268733441829681396e-01
9.939003735780715942e-02
-5.198624730110168457e-01
4.063704311847686768e-01
-9.642394185066223145e-01
1.456582844257354736e-01
2.019179910421371460e-01
1.460314512252807617e+00
6.647574901580810547e-01
1.144270539283752441e+00
1.002342905849218369e-03
1.335505008697509766e+00
5.446281284093856812e-02
-4.652149975299835205e-01
-1.118268609046936035e+00
-4.090997576713562012e-01
-3.421552181243896484e-01
-3.748872578144073486e-01
1.951682418584823608e-01
-2.332314997911453247e-01
1.232887148857116699e+00
-3.644968867301940918e-01
-1.598750710487365723e+00
-6.590867042541503906e-01
-4.896724224090576172e-01
8.531673252582550049e-02
1.344598531723022461e+00
-1.018586277961730957e+00
-5.265376344323158264e-02
-4.614914357662200928e-01
9.671652317047119141e-02
-2.607856132090091705e-02
6.543941795825958252e-02
-2.877758443355560303e-01
-3.187121152877807617e-01
-1.071455717086791992e+00
-7.628415524959564209e-02
-5.046461820602416992e-01
1.847006559371948242e+00
-9.853523969650268555e-02
-8.648986816406250000e-01
-1.056560039520263672e+00
1.206351041793823242e+00
3.095182478427886963e-01
-3.373157680034637451e-01
3.201222419738769531e-02
6.557207107543945312e-01
-4.229469597339630127e-01
1.611808180809020996e+00
-6.432022452354431152e-01
2.274966388940811157e-01
1.132635399699211121e-02
-4.387350380420684814e-01
1.654376864433288574e+00
-5.243269205093383789e-01
-1.359308600425720215e+00
-8.711798787117004395e-01
-1.492973327636718750e+00
-8.256675004959106445e-01
6.303910613059997559e-01
-7.496896982192993164e-01
5.001664757728576660e-01
8.739612102508544922e-01
-5.331824421882629395e-01
9.717288017272949219e-01
-3.563374876976013184e-01
-1.494930386543273926e+00
4.900411069393157959e-01
2.975392043590545654e-01
-9.965729117393493652e-01
-1.043362736701965332e+00
-9.342867136001586914e-01
-7.295037508010864258e-01
8.607948422431945801e-01
7.492603361606597900e-02
-7.357653379440307617e-01
-1.188198029994964600e-01
-1.350479245185852051e+00
2.161801755428314209e-01
5.467844605445861816e-01
3.517778217792510986e-01
8.778830766677856445e-01
1.213797211647033691e+00
-1.355255961418151855e+00
-5.224961042404174805e-01
-6.336846947669982910e-01
-3.083912432193756104e-01
6.818611919879913330e-02
-1.244016051292419434e+00
-5.885993316769599915e-02
-1.650197505950927734e+00
-5.588993430137634277e-01
7.319005727767944336e-01
-3.687558695673942566e-02
1.265088796615600586e+00
-1.518735051155090332e+00
1.150384426116943359e+00
2.423257589340209961e+00
-6.569049954414367676e-01
-2.221274673938751221e-01
-1.349256157875061035e+00
-6.010374426841735840e-01
6.570938825607299805e-01
-1.276890277862548828e+00
3.128374814987182617e-01
1.077877759933471680e+00
4.110935032367706299e-01
-1.270622134208679199e+00
1.499592363834381104e-01
-1.584212541580200195e+00
-1.124251604080200195e+00
7.827629446983337402e-01
1.340274333953857422e+00
8.800425529479980469e-01
5.468613505363464355e-01
-8.226191997528076172e-02
1.262353539466857910e+00
-4.090232849121093750e-01
4.963669478893280029e-01
-3.453088402748107910e-01
-5.786483734846115112e-02
-5.359523296356201172e-01
-1.433022975921630859e+00
1.457419544458389282e-01
1.437944471836090088e-01
4.411203563213348389e-01
7.993348240852355957e-01
1.465078949928283691e+00
3.698385357856750488e-01
3.534372448921203613e-01
1.975466728210449219e+00
-1.128731846809387207e+00
1.632751822471618652e-01
5.271484851837158203e-01
-1.877444267272949219e+00
-8.437178134918212891e-01
1.273854136466979980e+00
-9.749238491058349609e-01
-1.025260612368583679e-01
8.800421953201293945e-01
2.804652154445648193e-01
-4.959530830383300781e-01
-2.884130366146564484e-02
7.100784778594970703e-01
-7.189115285873413086e-01
5.938373804092407227e-01
1.762883812189102173e-01
-1.588418334722518921e-01
5.495181083679199219e-01
9.233129620552062988e-01
8.150997161865234375e-01
-9.444485902786254883e-01
-7.638225555419921875e-01
-2.188569009304046631e-01
-2.284612320363521576e-02
3.452822864055633545e-01
-3.780882954597473145e-01
-1.910851299762725830e-01
-2.324295789003372192e-01
2.090815901756286621e-01
-6.380690336227416992e-01
1.051708817481994629e+00
5.310913324356079102e-01
-1.012600421905517578e+00
1.959634661674499512e+00
-1.002096176147460938e+00
-1.300904601812362671e-01
9.341174364089965820e-01
1.723846644163131714e-01
1.131169915199279785e+00
-8.826175332069396973e-01
-2.861975431442260742e-01
-9.735184311866760254e-01
-1.066713452339172363e+00
-5.762100219726562500e-01
-1.612596035003662109e+00
2.422158867120742798e-01
1.713910818099975586e+00
5.987451076507568359e-01
1.022919416427612305e+00
9.514491073787212372e-03
9.719841480255126953e-01
-3.918760120868682861e-01
3.176040574908256531e-02
-4.352129101753234863e-01
-1.722629219293594360e-01
-6.440640091896057129e-01
1.312446355819702148e+00
-1.158742070198059082e+00
3.180672824382781982e-01
-5.539415478706359863e-01
6.434233784675598145e-01
-1.323102116584777832e+00
-6.939809322357177734e-01
-1.459537506103515625e+00
-1.127485632896423340e+00
-4.281018674373626709e-01
3.018512427806854248e-01
8.733401447534561157e-02
-2.697257995605468750e-01
3.125911951065063477e+00
-1.382205635309219360e-01
-1.641928434371948242e+00
7.213909029960632324e-01
-5.169143080711364746e-01
6.314942985773086548e-02
7.010784149169921875e-01
4.391913414001464844e-01
1.743502169847488403e-02
-8.915276527404785156e-01
5.237076058983802795e-02
-3.520195558667182922e-02
-7.358570396900177002e-02
-5.345392823219299316e-01
7.491030097007751465e-01
-2.123364210128784180e+00
-6.243678927421569824e-01
-1.004762127995491028e-01
1.007912516593933105e+00
1.820209622383117676e+00
7.634721398353576660e-01
3.761907219886779785e-01
-2.816770412027835846e-02
-1.660299748182296753e-01
-1.257097482681274414e+00
6.736112236976623535e-01
-1.312565565109252930e+00
-2.552293613553047180e-02
-2.242919683456420898e+00
-6.957868933677673340e-01
1.266570687294006348e+00
-3.949862122535705566e-01
-4.776456654071807861e-01
1.983549445867538452e-01
-4.847122430801391602e-01
2.901700258255004883e+00
-1.407265782356262207e+00
1.177858471870422363e+00
-1.406027793884277344e+00
-6.863322854042053223e-01
-4.051358997821807861e-01
2.482716292142868042e-01
6.235702037811279297e-01
-8.744934201240539551e-01
-1.190808176994323730e+00
-3.668915629386901855e-01
-1.441535949707031250e+00
1.087132811546325684e+00
-1.668167263269424438e-01
6.814174652099609375e-01
-2.659256160259246826e-01
7.573301196098327637e-01
-8.240912556648254395e-01
-1.384919881820678711e-01
-2.671450138092041016e+00
-1.147037863731384277e+00
5.292338728904724121e-01
-9.691931605339050293e-01
-1.832171678543090820e-01
2.827663123607635498e-01
5.050664544105529785e-01
-1.721068024635314941e+00
1.421550869941711426e+00
3.660252988338470459e-01
-2.404914349317550659e-01
1.210269853472709656e-01
-4.944687187671661377e-01
1.106196641921997070e-01
-5.557587146759033203e-01
7.625836730003356934e-01
-2.394340634346008301e-01
1.062471389770507812e+00
-1.174991846084594727e+00
-2.602758407592773438e-01
-1.462441682815551758e+00
1.146397352218627930e+00
-5.015102028846740723e-01
-1.360291361808776855e+00
1.361394673585891724e-01
9.397133588790893555e-01
1.390766978263854980e+00
-1.749409437179565430e+00
1.719552993774414062e+00
-1.156987309455871582e+00
-2.061330080032348633e-01
-4.712655544281005859e-01
-1.391648292541503906e+00
-3.103804588317871094e-01
-7.093117386102676392e-02
-1.095852851867675781e-01
2.790884494781494141e+00
-1.850978374481201172e+00
-8.800483345985412598e-01
-2.971067130565643311e-01
4.581061303615570068e-01
-1.181655287742614746e+00
9.036855101585388184e-01
-4.284757673740386963e-01
-2.336290836334228516e+00
9.722586721181869507e-02
-7.216458916664123535e-01
1.665574073791503906e+00
-1.338244318962097168e+00
-5.933816432952880859e-01
-1.504969120025634766e+00
9.439656734466552734e-01
-3.910745382308959961e-01
-1.453759312629699707e+00
-5.363787412643432617e-01
8.780014514923095703e-01
6.703804135322570801e-01
1.081424057483673096e-01
4.657845497131347656e-01
3.282380700111389160e-01
9.637014269828796387e-01
6.000014543533325195e-01
-7.425325512886047363e-01
-2.615457773208618164e-01
3.730380237102508545e-01
-6.627116799354553223e-01
7.286949157714843750e-01
1.262087672948837280e-01
-4.737381339073181152e-01
-1.177269101142883301e+00
6.413418054580688477e-02
-1.246204376220703125e+00
-6.020641326904296875e-01
6.594581604003906250e-01
2.066232442855834961e+00
1.400719165802001953e+00
1.013148903846740723e+00
1.891245603561401367e+00
-3.917397186160087585e-02
7.733642458915710449e-01
3.528048694133758545e-01
-6.382927298545837402e-01
5.071313381195068359e-01
-7.034502029418945312e-01
1.100395441055297852e+00
-4.353235661983489990e-01
-2.773855254054069519e-02
5.680780410766601562e-01
-1.559125542640686035e+00
-8.808000683784484863e-01
-1.322036981582641602e+00
-3.672784566879272461e-01
2.388383626937866211e+00
2.024123519659042358e-01
4.603000357747077942e-02
3.083859384059906006e-01
2.391043663024902344e+00
-9.384614229202270508e-01
-8.115088939666748047e-01
9.361413121223449707e-01
-1.476629853248596191e+00
-7.398862242698669434e-01
-7.733917832374572754e-01
9.192191809415817261e-02
-4.850006103515625000e-02
-2.074468582868576050e-01
9.866574406623840332e-02
-7.842332720756530762e-01
-1.251863986253738403e-01
1.557044863700866699e+00
1.774811930954456329e-02
2.912145666778087616e-02
8.362630605697631836e-01
2.315420806407928467e-01
-5.285559892654418945e-01
-6.261775493621826172e-01
6.396647691726684570e-01
1.278897643089294434e+00
3.046079352498054504e-02
-1.150012493133544922e+00
-1.004495978355407715e+00
-1.357060670852661133e-01
-2.060294628143310547e+00
5.840893983840942383e-01
1.919309496879577637e-01
-1.813706755638122559e-01
3.828496038913726807e-01
6.891016364097595215e-01
-6.778442859649658203e-01
-1.624730378389358521e-01
1.121572017669677734e+00
-3.371047675609588623e-01
1.012208938598632812e+00
-1.041098475456237793e+00
4.686042368412017822e-01
1.461459159851074219e+00
-5.648704245686531067e-02
-5.448095798492431641e-01
-5.526212975382804871e-02
6.733357310295104980e-01
-3.799633979797363281e-01
1.270255923271179199e+00
1.484320402145385742e+00
-1.023302972316741943e-01
-1.201997160911560059e+00
7.296906709671020508e-01
-2.267431259155273438e+00
5.594554543495178223e-01
-1.616711139678955078e+00
1.351965546607971191e+00
-6.524400115013122559e-01
4.762573540210723877e-01
-9.723584055900573730e-01
-6.661199033260345459e-02
-1.928654313087463379e+00
1.120841264724731445e+00
-5.113579034805297852e-01
-4.882826805114746094e-01
1.103375196456909180e+00
-1.219182372093200684e+00
-5.661169290542602539e-01
5.384548306465148926e-01
1.245236277580261230e+00
2.299092113971710205e-01
-7.651363611221313477e-01
-1.134855031967163086e+00
2.350154966115951538e-01
-1.136867880821228027e+00
1.741900593042373657e-01
-2.021979570388793945e+00
3.668046891689300537e-01
4.695318043231964111e-01
-8.066107332706451416e-02
-1.181474253535270691e-01
-5.149447321891784668e-01
6.290054917335510254e-01
2.912590503692626953e-01
-4.549280107021331787e-01
8.840686082839965820e-01
6.169000864028930664e-01
1.925740092992782593e-01
-1.973987221717834473e-01
-5.011876225471496582e-01
4.512534737586975098e-01
1.721567988395690918e+00
-3.112426996231079102e-01
-4.573148488998413086e-01
-6.170713901519775391e-02
1.856618672609329224e-01
5.275646597146987915e-02
-9.980344772338867188e-01
-1.056267380714416504e+00
-6.712210178375244141e-01
9.078587293624877930e-01
1.486553311347961426e+00
2.565200030803680420e-01
-1.224319338798522949e+00
-1.304055452346801758e+00
-7.586649656295776367e-01
-4.296867549419403076e-01
-4.824502170085906982e-01
-6.297023892402648926e-01
1.522677838802337646e-01
-4.033195078372955322e-01
-6.969317793846130371e-01
1.209649205207824707e+00
2.245392054319381714e-01
-3.426052629947662354e-01
-1.456687688827514648e+00
1.219847083091735840e+00
-1.536837339401245117e+00
-2.323623895645141602e-01
1.075671553611755371e+00
8.381047844886779785e-01
1.121360063552856445e+00
-7.339340448379516602e-01
-1.671856880187988281e+00
-1.770291328430175781e+00
8.593528866767883301e-01
-1.358004957437515259e-01
-3.602601587772369385e-01
1.536514759063720703e-01
-1.673921495676040649e-01
1.609423637390136719e+00
1.030335426330566406e+00
-6.062329411506652832e-01
1.249102726578712463e-01
5.244456529617309570e-01
-1.111070990562438965e+00
-2.570811510086059570e+00
3.901375830173492432e-01
5.257715582847595215e-01
6.406875848770141602e-01
6.006228327751159668e-01
1.380865097045898438e+00
-5.731631517410278320e-01
1.011332571506500244e-01
-2.067510336637496948e-01
-1.321840763092041016e+00
5.385366082191467285e-01
3.022687435150146484e-01
3.679433166980743408e-01
2.257229387760162354e-01
-8.938492834568023682e-02
-1.031474828720092773e+00
1.635982990264892578e-01
-1.651924848556518555e+00
1.062093734741210938e+00
1.016137123107910156e+00
-8.063334226608276367e-01
-8.781001567840576172e-01
1.558814883232116699e+00
-6.906468272209167480e-01
-3.749124407768249512e-01
-3.139322996139526367e-01
1.094941377639770508e+00
-1.931849360466003418e+00
-2.571775913238525391e-01
-1.614970207214355469e+00
-7.676154375076293945e-01
