-4.349222481250762939e-01
-9.981971383094787598e-01
-5.213782787322998047e-01
8.530455827713012695e-01
1.436787605285644531e+00
-8.002673387527465820e-01
-3.511147499084472656e-01
-1.618995070457458496e+00
6.214460134506225586e-01
-6.194373369216918945e-01
-7.145596742630004883e-01
6.988022923469543457e-01
-4.812243580818176270e-01
1.419195532798767090e+00
1.370077967643737793e+00
2.428805679082870483e-01
1.281301498413085938e+00
-1.961681246757507324e+00
-1.172296166419982910e+00
1.425384730100631714e-01
-1.611160278320312500e+00
3.422071635723114014e-01
-6.760042905807495117e-01
-1.283226370811462402e+00
-1.544446110725402832e+00
7.998114079236984253e-02
4.065000712871551514e-01
1.431908607482910156e+00
1.086924910545349121e+00
5.772209167480468750e-01
-1.038410067558288574e-01
2.197864294052124023e+00
4.365774393081665039e-01
-7.707696557044982910e-01
-7.020741105079650879e-01
3.012150526046752930e-01
3.416490256786346436e-01
-4.457129240036010742e-01
8.039875626564025879e-01
3.024192452430725098e-01
-1.256311893463134766e+00
1.143738150596618652e+00
8.437716960906982422e-02
-1.189944386482238770e+00
1.629540324211120605e+00
-7.176823019981384277e-01
-7.146235108375549316e-01
3.150135576725006104e-01
-2.164772748947143555e+00
1.115786284208297729e-01
-8.479670882225036621e-01
-1.335263967514038086e+00
3.978861868381500244e-01
1.531573683023452759e-01
6.445223093032836914e-01
-2.215865850448608398e+00
-1.461827307939529419e-01
7.323557138442993164e-01
-2.466691493988037109e+00
-2.847463190555572510e-01
-1.453337788581848145e+00
-8.542394638061523438e-01
1.140571236610412598e+00
8.948910236358642578e-01
-1.135167121887207031e+00
1.196287423372268677e-01
3.059397637844085693e-01
1.442800283432006836e+00
1.717336535453796387e+00
6.115719079971313477e-01
7.354906201362609863e-02
1.945382237434387207e+00
8.037412166595458984e-01
-4.628864824771881104e-01
2.407990217208862305e+00
-1.304943919181823730e+00
4.711303710937500000e-01
-5.325797796249389648e-01
-1.286825656890869141e+00
-2.274885654449462891e+00
7.998182773590087891e-01
-1.147137641906738281e+00
-1.358713746070861816e+00
1.744566202163696289e+00
-2.544332742691040039e-01
-9.995656460523605347e-02
-3.326036036014556885e-01
-2.760158479213714600e-01
4.259301722049713135e-02
-2.263321876525878906e-01
-8.095523715019226074e-02
-6.575641036033630371e-01
-4.032800495624542236e-01
4.759172201156616211e-01
-2.793923616409301758e-01
4.385091364383697510e-01
-5.142597556114196777e-01
7.530670762062072754e-01
-1.223975047469139099e-01
-7.148775458335876465e-01
-8.821877837181091309e-02
9.027776718139648438e-01
5.912236571311950684e-01
-2.539624571800231934e-01
7.923890948295593262e-01
-4.978919625282287598e-01
7.334487512707710266e-03
-1.355372428894042969e+00
-1.117473125457763672e+00
-1.978522658348083496e+00
1.885271817445755005e-01
-4.551202952861785889e-01
-1.086328864097595215e+00
-3.184356093406677246e-01
8.416010439395904541e-02
-4.350501298904418945e-01
4.173793196678161621e-01
7.074900865554809570e-01
-2.381164312362670898e+00
1.274543523788452148e+00
1.752612113952636719e+00
1.078182935714721680e+00
1.894625067710876465e+00
-4.330513477325439453e-01
-1.308382511138916016e+00
1.122749924659729004e+00
8.047489821910858154e-02
-2.931940257549285889e-01
