-1.273772418498992920e-01
-8.856187015771865845e-02
1.815219074487686157e-01
5.781242251396179199e-01
-1.354474127292633057e-01
1.411656498908996582e+00
1.204723954200744629e+00
1.220064759254455566e+00
-7.640830874443054199e-01
-9.236164093017578125e-01
1.117133021354675293e+00
1.851106643676757812e+00
-7.194720953702926636e-02
6.342737674713134766e-01
-8.687721490859985352e-01
-5.399633049964904785e-01
8.484409004449844360e-02
-6.823905110359191895e-01
3.235351145267486572e-01
1.741356015205383301e+00
1.251352310180664062e+00
6.415349245071411133e-01
-5.615732818841934204e-02
5.136441588401794434e-01
-1.426397204399108887e+00
-2.570626512169837952e-02
1.281573653221130371e+00
8.645694255828857422e-01
1.673273444175720215e-01
5.423795580863952637e-01
-1.793389916419982910e-01
3.209833204746246338e-01
7.847715616226196289e-01
1.096229314804077148e+00
-1.254936337471008301e+00
-1.240966916084289551e+00
-1.002546429634094238e+00
8.837357759475708008e-01
1.414650976657867432e-01
-3.867048621177673340e-01
1.233458757400512695e+00
-3.355700969696044922e-01
-8.388220071792602539e-01
-6.534035503864288330e-02
-2.338888406753540039e+00
1.414039254188537598e+00
1.463579088449478149e-01
8.136662840843200684e-01
-6.851922273635864258e-01
1.620907068252563477e+00
2.098890066146850586e+00
-5.980899333953857422e-01
-9.819304943084716797e-02
2.086642682552337646e-01
1.082811594009399414e+00
1.583383321762084961e+00
-9.766312316060066223e-03
1.000854015350341797e+00
8.237668275833129883e-01
1.312253236770629883e+00
-2.074726521968841553e-01
-1.711165904998779297e-01
2.398843050003051758e+00
-1.225249409675598145e+00
-1.011081337928771973e+00
6.940880417823791504e-02
-6.689628213644027710e-02
8.379779458045959473e-01
6.921303272247314453e-01
1.411266326904296875e-01
-1.247411608695983887e+00
-9.306300878524780273e-01
3.443882763385772705e-01
-8.569981455802917480e-01
-1.964121341705322266e+00
-1.252860426902770996e+00
7.971347570419311523e-01
8.718368411064147949e-01
3.182881176471710205e-01
-1.076713085174560547e+00
-1.443297505378723145e+00
-2.579244077205657959e-01
9.863675832748413086e-01
-5.294896960258483887e-01
-8.790995925664901733e-02
-1.301396042108535767e-01
-7.812940478324890137e-01
-4.755249917507171631e-01
-2.703757882118225098e-01
6.483017802238464355e-01
7.601940631866455078e-01
-8.521794676780700684e-01
-7.963856309652328491e-02
1.038127779960632324e+00
-8.305118978023529053e-02
-1.854426741600036621e+00
-3.325076997280120850e-01
-4.267691373825073242e-01
4.571103751659393311e-01
2.128015309572219849e-01
-3.388142883777618408e-01
5.070201754570007324e-01
-4.106709361076354980e-02
-5.420077443122863770e-01
-3.458113372325897217e-01
-1.364449858665466309e-01
7.567933201789855957e-01
-2.986458241939544678e-01
-1.066610813140869141e+00
-9.604662060737609863e-01
-5.685328245162963867e-01
-2.826736927032470703e+00
5.125100612640380859e-01
-5.458947420120239258e-01
1.883756637573242188e+00
8.619540929794311523e-01
-5.000490546226501465e-01
1.542735099792480469e+00
9.928858280181884766e-01
3.974170386791229248e-01
-4.956221878528594971e-01
-1.081325769424438477e+00
-6.589506268501281738e-01
1.153313279151916504e+00
-1.258364200592041016e+00
-7.040129303932189941e-01
7.588843703269958496e-01
1.003068208694458008e+00
-3.631059527397155762e-01
-1.242385953664779663e-01
2.725591063499450684e-01
1.404953468590974808e-02
4.218127727508544922e-01
2.516543865203857422e-01
2.520097196102142334e-01
-6.301890611648559570e-01
9.748839735984802246e-01
-8.618308901786804199e-01
-2.143774271011352539e+00
-7.626044154167175293e-01
-7.809794545173645020e-01
8.423423767089843750e-02
-5.123450160026550293e-01
-8.204629421234130859e-01
-1.588001132011413574e+00
-8.768734931945800781e-01
1.691640168428421021e-02
7.689858078956604004e-01
2.061886340379714966e-01
6.788945794105529785e-01
3.946442902088165283e-01
4.615854322910308838e-01
-1.002842903137207031e+00
8.496375083923339844e-01
-1.022081494331359863e+00
5.981253460049629211e-02
-1.054691076278686523e+00
6.782552599906921387e-01
1.224996328353881836e+00
-3.430658280849456787e-01
-5.711012482643127441e-01
-9.853799343109130859e-01
6.929456591606140137e-01
-1.612408518791198730e+00
-3.319409191608428955e-01
4.129731357097625732e-01
3.497994318604469299e-02
-1.424592882394790649e-01
1.730761229991912842e-01
7.668493390083312988e-01
2.707468271255493164e-01
1.323417186737060547e+00
-3.792965710163116455e-01
-1.958026289939880371e+00
-6.030849218368530273e-01
8.980263471603393555e-01
-4.373287558555603027e-01
1.505565047264099121e-01
9.688132256269454956e-02
4.868121743202209473e-01
7.409356236457824707e-01
1.582121491432189941e+00
2.782423794269561768e-01
-5.226561427116394043e-01
-6.321792006492614746e-01
6.664938330650329590e-01
1.007746696472167969e+00
-1.178376317024230957e+00
-5.579916238784790039e-01
9.196273684501647949e-01
-1.069950342178344727e+00
2.052972316741943359e-01
3.549833893775939941e-01
1.020604729652404785e+00
6.396800875663757324e-01
8.972941040992736816e-01
3.557719886302947998e-01
6.245263218879699707e-01
-9.105322360992431641e-01
4.039116203784942627e-01
-2.854390382766723633e+00
9.275513887405395508e-01
2.374327778816223145e-01
-1.184891462326049805e+00
1.083017587661743164e+00
-3.643475472927093506e-01
-8.098533153533935547e-01
1.927643299102783203e+00
1.059342399239540100e-01
7.715908288955688477e-01
-5.948382616043090820e-01
1.631607055664062500e+00
-1.941801607608795166e-01
-5.150308609008789062e-01
-1.392414093017578125e+00
5.571919679641723633e-01
3.946852087974548340e-01
-1.076795458793640137e+00
-1.377056390047073364e-01
8.603386282920837402e-01
-1.112967014312744141e+00
-2.274648994207382202e-01
3.596564233303070068e-01
-1.145531773567199707e+00
-4.762202203273773193e-01
3.958253562450408936e-01
-1.370126962661743164e+00
-3.595918118953704834e-01
5.929657220840454102e-01
-1.383213400840759277e+00
8.673844933509826660e-01
1.347728967666625977e+00
1.914306521415710449e+00
5.305643677711486816e-01
1.472549319267272949e+00
8.792544156312942505e-02
3.165564835071563721e-01
4.203220363706350327e-03
-2.200460433959960938e+00
2.322978973388671875e-01
1.242198109626770020e+00
1.365257263183593750e+00
5.221019387245178223e-01
1.504048854112625122e-01
8.611438274383544922e-01
1.110381960868835449e+00
-7.069442272186279297e-01
9.035479426383972168e-01
1.682533472776412964e-01
1.386248916387557983e-01
-5.988830924034118652e-01
1.288228392601013184e+00
1.865641832351684570e+00
-1.149541020393371582e+00
2.896122634410858154e-01
8.681855797767639160e-01
-1.880201846361160278e-01
-1.082532048225402832e+00
-5.644382834434509277e-01
-5.953058600425720215e-01
-1.602608084678649902e+00
7.427987456321716309e-02
-5.371816158294677734e-01
-2.905597984790802002e-01
-4.041467308998107910e-01
2.670761644840240479e-01
-4.091980159282684326e-01
-2.972109317779541016e-01
-7.288713455200195312e-01
1.345462203025817871e+00
-4.391371607780456543e-01
-1.118671417236328125e+00
-3.815933167934417725e-01
-1.722786277532577515e-01
2.780558913946151733e-02
-9.619345664978027344e-01
-1.600228786468505859e+00
-2.966182865202426910e-02
-3.353870213031768799e-01
-1.434833645820617676e+00
-5.288469195365905762e-01
2.451088428497314453e-01
4.296322911977767944e-02
-3.910617828369140625e-01
-9.328629374504089355e-01
-7.688007354736328125e-01
-3.303608596324920654e-01
-8.316995501518249512e-01
4.228608012199401855e-01
-3.766046166419982910e-01
-2.188683897256851196e-01
-1.016505599021911621e+00
8.023430109024047852e-01
6.374215483665466309e-01
-1.729032754898071289e+00
1.024475842714309692e-01
-1.083396196365356445e+00
-1.759753227233886719e+00
9.367570281028747559e-02
1.285137891769409180e+00
1.623830556869506836e+00
9.191216826438903809e-01
-1.125458955764770508e+00
1.374508142471313477e+00
-2.292397245764732361e-02
-3.255577087402343750e-01
-9.052183628082275391e-01
-7.325525879859924316e-01
2.962530553340911865e-01
6.910815834999084473e-01
1.055051803588867188e+00
-4.440858066082000732e-01
-4.610063433647155762e-01
-5.143664479255676270e-01
-3.256858587265014648e-01
1.111492291092872620e-01
-2.065496705472469330e-02
7.657006382942199707e-01
1.147200584411621094e+00
9.239581823348999023e-01
3.210481703281402588e-01
-8.571754097938537598e-01
1.513102173805236816e+00
1.224665760993957520e+00
7.556802630424499512e-01
-9.076153635978698730e-01
4.512805938720703125e-01
7.662026286125183105e-01
1.202592015266418457e+00
-7.873476743698120117e-01
1.519775032997131348e+00
-7.039337158203125000e-01
-6.022041440010070801e-01
1.715716123580932617e-01
-1.260632753372192383e+00
-1.360497832298278809e+00
1.636994034051895142e-01
2.611519992351531982e-01
-1.629107594490051270e+00
1.733014106750488281e+00
-2.192736864089965820e+00
-1.266376137733459473e+00
-6.189319491386413574e-01
-8.578595519065856934e-02
-1.129675269126892090e+00
-1.644548654556274414e+00
-1.206111013889312744e-01
8.129997253417968750e-01
3.210270106792449951e-01
1.759079337120056152e+00
4.293367564678192139e-01
-1.197327673435211182e-01
1.276629328727722168e+00
-8.634674549102783203e-01
-4.207951202988624573e-02
2.504802048206329346e-01
-6.871840357780456543e-02
4.477429091930389404e-01
-9.130063056945800781e-01
1.061803460121154785e+00
-1.681243419647216797e+00
8.744874000549316406e-01
2.369085699319839478e-01
7.784706354141235352e-02
-1.136798188090324402e-01
-6.712429523468017578e-01
-1.216626286506652832e+00
6.265038251876831055e-01
-2.208488464355468750e+00
-3.265786916017532349e-02
8.000497221946716309e-01
-3.309444189071655273e-01
2.563588023185729980e-01
5.129768848419189453e-01
-2.499990016222000122e-01
2.460961639881134033e-01
-4.354398548603057861e-01
-1.188617467880249023e+00
7.701591849327087402e-01
-7.421743273735046387e-01
-7.506253570318222046e-02
-6.079460978507995605e-01
6.199898719787597656e-01
-3.121714890003204346e-01
-9.790094494819641113e-01
-1.464652419090270996e+00
3.270777165889739990e-01
-1.154040455818176270e+00
1.805962324142456055e+00
8.255318403244018555e-01
2.190533638000488281e+00
-5.022288560867309570e-01
7.846726775169372559e-01
2.673182077705860138e-02
-5.881075263023376465e-01
-1.665410041809082031e+00
-6.840484738349914551e-01
1.307378053665161133e+00
-5.365675687789916992e-01
8.274084925651550293e-01
1.155562520027160645e+00
2.270387411117553711e-01
-1.687782555818557739e-01
4.690083265304565430e-01
8.017841577529907227e-01
-7.152024507522583008e-01
-5.723718404769897461e-01
7.675399780273437500e-01
1.244766950607299805e+00
1.358994722366333008e+00
4.215397536754608154e-01
4.922778308391571045e-01
-2.559069395065307617e+00
-2.487125396728515625e-01
2.548374831676483154e-01
-4.962663054466247559e-01
9.572276473045349121e-01
-1.925141066312789917e-01
-5.457022190093994141e-01
-4.749222099781036377e-01
-6.429892182350158691e-01
-1.193443298339843750e+00
6.949754357337951660e-01
6.779296994209289551e-01
-1.509177088737487793e+00
-1.260246038436889648e+00
1.139073491096496582e+00
5.683298110961914062e-01
2.212022095918655396e-01
-4.520023763179779053e-01
-1.047071456909179688e+00
-5.367808341979980469e-01
-3.356769084930419922e-01
-1.474422216415405273e-01
8.166486024856567383e-02
-6.514585018157958984e-01
-2.222717255353927612e-01
1.690689444541931152e+00
3.126898705959320068e-01
-8.986274003982543945e-01
3.209361135959625244e-01
1.510174125432968140e-01
1.081663012504577637e+00
1.501210689544677734e+00
-8.653658032417297363e-01
1.586211085319519043e+00
-8.991514332592487335e-04
-1.417526155710220337e-01
6.253013014793395996e-01
6.613305211067199707e-01
5.568485856056213379e-01
-2.793180048465728760e-01
2.247194051742553711e-01
-3.027837574481964111e-01
4.688898622989654541e-01
-9.396475553512573242e-01
2.781682968139648438e+00
5.321558713912963867e-01
1.633669495582580566e+00
-5.887075662612915039e-01
-1.309655308723449707e-01
-1.852169513702392578e+00
-9.128417372703552246e-01
2.046376228332519531e+00
-1.497956216335296631e-01
-1.300072193145751953e+00
1.095117211341857910e+00
-4.052394032478332520e-01
6.122490167617797852e-01
1.194111585617065430e+00
-1.517884135246276855e+00
3.555963933467864990e-01
9.401606917381286621e-01
4.564016759395599365e-01
4.913648590445518494e-02
-3.563454449176788330e-01
1.067576289176940918e+00
7.046168446540832520e-01
1.049221605062484741e-01
1.263091683387756348e+00
-3.723643720149993896e-03
-9.503458738327026367e-01
-1.110555410385131836e+00
-1.622532486915588379e+00
5.162177681922912598e-01
-6.392623782157897949e-01
-1.317833364009857178e-01
7.323971986770629883e-01
-1.273946285247802734e+00
9.436921477317810059e-01
9.093950986862182617e-01
-2.576807260513305664e+00
-3.468489050865173340e-01
5.600773096084594727e-01
6.624844670295715332e-01
8.481855392456054688e-01
-3.782154023647308350e-01
1.343895077705383301e+00
-1.145210504531860352e+00
-6.706404089927673340e-01
-3.701514303684234619e-01
8.545054793357849121e-01
1.192737460136413574e+00
1.868882417678833008e+00
4.896707832813262939e-01
-1.309173583984375000e+00
-9.873731732368469238e-01
-1.260020136833190918e+00
-8.122360110282897949e-01
-3.812154531478881836e-01
-6.166690587997436523e-01
4.279299080371856689e-01
9.146550297737121582e-01
-2.413523048162460327e-01
5.930644869804382324e-01
2.386069893836975098e-01
4.233959317207336426e-02
2.274819165468215942e-01
6.266425848007202148e-01
-3.962342143058776855e-01
4.954527318477630615e-01
-1.306617498397827148e+00
-1.251804381608963013e-01
-2.209687083959579468e-01
-2.162926048040390015e-01
-1.884939819574356079e-01
-3.308282136917114258e+00
-4.592042565345764160e-01
-1.418970704078674316e+00
-1.384951233863830566e+00
2.942588329315185547e-01
-1.189874768257141113e+00
-8.817159384489059448e-02
-5.511290431022644043e-01
1.868377804756164551e+00
5.522727966308593750e-01
8.581185936927795410e-01
-1.002899169921875000e+00
-8.381342887878417969e-01
-7.534446120262145996e-01
8.926482796669006348e-01
7.618553638458251953e-01
5.350431799888610840e-01
1.659746408462524414e+00
-5.530666708946228027e-01
-7.976249456405639648e-01
-1.014385819435119629e+00
8.001557588577270508e-01
-3.884187936782836914e-01
-9.169204533100128174e-02
-9.399904608726501465e-01
-7.947705388069152832e-01
2.363147586584091187e-01
-6.753274202346801758e-01
8.167579174041748047e-01
-1.299831569194793701e-01
2.751130759716033936e-01
2.150109529495239258e+00
-2.461889982223510742e+00
-6.288034319877624512e-01
7.377876639366149902e-01
1.984753012657165527e+00
1.172390103340148926e+00
9.773581027984619141e-01
1.711591124534606934e+00
-1.489234566688537598e+00
-6.569585204124450684e-01
1.202085494995117188e+00
-7.789315581321716309e-01
1.554749608039855957e+00
6.871552467346191406e-01
6.691846847534179688e-01
6.213594079017639160e-01
-1.339423298835754395e+00
-2.716077327728271484e+00
-6.347532868385314941e-01
1.076321676373481750e-01
7.619882225990295410e-01
-5.208501219749450684e-01
-9.435784071683883667e-02
-4.962080419063568115e-01
-9.602754712104797363e-01
1.200510978698730469e+00
-2.743734419345855713e-01
8.874239921569824219e-01
1.474433302879333496e+00
4.307388663291931152e-01
-2.515508234500885010e-01
-1.999089121818542480e-01
-2.336482554674148560e-01
1.996462605893611908e-02
7.421866655349731445e-01
9.387900829315185547e-01
-1.033757925033569336e+00
-2.022713899612426758e+00
-1.339099287986755371e+00
7.591165900230407715e-01
-4.930335283279418945e-02
-7.023169994354248047e-01
-3.477574288845062256e-01
-4.112106263637542725e-01
-2.479854971170425415e-02
4.052599668502807617e-01
2.429708987474441528e-01
-1.355168819427490234e+00
-1.233843564987182617e+00
1.905531287193298340e-01
5.621287226676940918e-02
1.752302885055541992e+00
5.653522610664367676e-01
-4.002601802349090576e-01
6.346212625503540039e-01
-4.765749275684356689e-01
9.936221241950988770e-01
-4.441315233707427979e-01
9.767223596572875977e-01
-1.156958699226379395e+00
2.026143223047256470e-01
-5.505921691656112671e-02
9.595666527748107910e-01
-1.439292281866073608e-01
3.135990798473358154e-01
1.000974625349044800e-01
-5.799667239189147949e-01
-5.632993578910827637e-01
2.197981119155883789e+00
3.513725101947784424e-01
-5.201364755630493164e-01
-2.970219552516937256e-01
4.588185250759124756e-01
-4.118983447551727295e-01
-1.321245431900024414e+00
1.694667100906372070e+00
2.207831144332885742e-01
-3.074451982975006104e-01
-3.294693529605865479e-01
-1.472093343734741211e+00
6.887419819831848145e-01
-6.455522775650024414e-02
1.277084648609161377e-01
8.928447961807250977e-01
1.662488341331481934e+00
-1.731170862913131714e-01
-1.514844536781311035e+00
1.008673191070556641e+00
1.697493553161621094e+00
3.035778999328613281e-01
-1.187944650650024414e+00
2.908512055873870850e-01
3.698009252548217773e-01
4.115570485591888428e-01
-4.858574867248535156e-01
1.770191639661788940e-01
5.646420121192932129e-01
1.173493146896362305e+00
-4.119536578655242920e-01
9.993003606796264648e-01
1.748270839452743530e-01
1.183359503746032715e+00
-1.183575034141540527e+00
-4.453150629997253418e-01
4.724673032760620117e-01
5.271800160408020020e-01
-1.842562556266784668e-01
1.084348440170288086e+00
-1.741625219583511353e-01
1.903204083442687988e+00
7.129609584808349609e-01
4.985642135143280029e-01
1.434629201889038086e+00
-7.877808213233947754e-01
1.219864487648010254e-01
-4.718256369233131409e-02
-6.953181028366088867e-01
2.208880633115768433e-01
6.391975879669189453e-01
1.057412743568420410e+00
1.660845875740051270e+00
-3.198749721050262451e-01
5.215765833854675293e-01
-1.159944772720336914e+00
1.289577126502990723e+00
1.097084045410156250e+00
-2.749665081501007080e-01
1.926028251647949219e+00
5.718986988067626953e-01
6.721047163009643555e-01
-7.121641635894775391e-01
1.156996041536331177e-01
3.560376167297363281e-01
3.259012997150421143e-01
-4.880934357643127441e-01
-3.793398141860961914e-01
-4.910304248332977295e-01
4.440679252147674561e-01
-1.993382126092910767e-01
8.311535716056823730e-01
8.903422951698303223e-01
2.067578315734863281e+00
-5.068404078483581543e-01
-5.038800835609436035e-01
-9.337449669837951660e-01
1.168723583221435547e+00
1.161403298377990723e+00
4.278474152088165283e-01
7.785132527351379395e-01
-7.234099507331848145e-02
4.118845462799072266e-01
5.837136507034301758e-01
-1.254594445228576660e+00
-4.462214931845664978e-02
-7.674431204795837402e-01
3.977295160293579102e-01
-7.989233136177062988e-01
8.315643072128295898e-01
1.322727441787719727e+00
2.878870010375976562e+00
-5.887392759323120117e-01
-1.244073271751403809e+00
3.742938041687011719e-01
-9.089735150337219238e-01
-2.387965470552444458e-01
-1.571127176284790039e-01
-2.079796552658081055e+00
-1.496149063110351562e+00
-1.015370965003967285e+00
1.475132584571838379e+00
4.047399461269378662e-01
-9.354631602764129639e-02
-1.283465743064880371e+00
-3.611302971839904785e-01
-1.150242447853088379e+00
-1.066955685615539551e+00
-8.062032461166381836e-01
1.141233205795288086e+00
-8.916109800338745117e-01
-1.279102563858032227e+00
2.006026744842529297e+00
-8.059166669845581055e-01
-2.225357741117477417e-01
9.239043593406677246e-01
-1.372717857360839844e+00
8.934113383293151855e-01
1.039915561676025391e+00
-3.206245005130767822e-01
4.567031264305114746e-01
1.713147640228271484e+00
-4.790207445621490479e-01
3.633543252944946289e-01
-1.109429240226745605e+00
2.526814639568328857e-01
-7.283523082733154297e-01
1.900730282068252563e-01
-3.878713250160217285e-01
-6.037224531173706055e-01
7.762188315391540527e-01
3.037025928497314453e-01
6.490837335586547852e-01
1.496930122375488281e+00
1.008791804313659668e+00
2.828225851058959961e+00
1.560607314109802246e+00
-5.533551573753356934e-01
8.779322504997253418e-01
6.904470920562744141e-01
3.766993293538689613e-03
1.024883627891540527e+00
1.366811990737915039e+00
1.747650980949401855e+00
-7.429838180541992188e-01
8.676705360412597656e-01
-9.781783223152160645e-01
9.690995514392852783e-02
-6.795253157615661621e-01
7.495932579040527344e-01
1.419182777404785156e+00
5.928648114204406738e-01
1.565581679344177246e+00
-1.582578718662261963e-01
-6.005380749702453613e-01
3.240427970886230469e-01
-7.423583418130874634e-02
-1.891569495201110840e+00
-1.895174503326416016e+00
-6.498810648918151855e-01
4.195644855499267578e-01
-1.020174026489257812e-01
-1.350591778755187988e+00
4.246912002563476562e-01
-3.958382308483123779e-01
-3.414233326911926270e-01
-1.085230946540832520e+00
-1.191315889358520508e+00
5.211648344993591309e-01
2.178815603256225586e-01
-1.848326086997985840e+00
-1.083980441093444824e+00
1.613225579261779785e+00
-4.947479367256164551e-01
-7.075977325439453125e-01
1.163470029830932617e+00
2.474195241928100586e+00
9.044851660728454590e-01
4.107312858104705811e-01
-1.171191185712814331e-01
-3.084203898906707764e-01
-1.104802727699279785e+00
-2.914792299270629883e-01
-5.408281087875366211e-01
-9.867379665374755859e-01
8.421391248703002930e-02
-8.934189677238464355e-01
3.273927271366119385e-01
1.350927233695983887e+00
-7.654591202735900879e-01
-1.278778076171875000e+00
-1.845946758985519409e-01
7.079055905342102051e-01
1.736101806163787842e-01
-5.096789002418518066e-01
-4.598410129547119141e-01
2.750257849693298340e-01
-1.277588129043579102e+00
3.510087430477142334e-01
-3.665295243263244629e-01
4.855673909187316895e-01
-1.144107103347778320e+00
-3.926930427551269531e-01
2.404611855745315552e-01
-8.212571740150451660e-01
2.521021068096160889e-01
-1.917583495378494263e-01
9.629104137420654297e-01
1.237357497215270996e+00
-7.156087756156921387e-01
1.420310258865356445e+00
1.769896745681762695e+00
-8.546733856201171875e-01
6.084642410278320312e-01
-1.572525054216384888e-01
4.620183706283569336e-01
4.909606575965881348e-01
-4.798041582107543945e-01
2.223189622163772583e-01
-8.940780162811279297e-01
-2.926670908927917480e-01
-4.891695380210876465e-01
3.470788598060607910e-01
-5.359963774681091309e-01
-2.487780451774597168e-01
-1.238366007804870605e+00
-1.479900360107421875e+00
1.764227300882339478e-01
-4.550462067127227783e-01
-7.748403400182723999e-02
-6.180499792098999023e-01
2.910772860050201416e-01
-1.304834485054016113e+00
-1.186557784676551819e-01
7.575312852859497070e-01
7.242472171783447266e-01
9.022398591041564941e-01
-2.088648080825805664e+00
1.195992112159729004e+00
-5.658586621284484863e-01
-9.293890744447708130e-02
-4.952488839626312256e-01
-3.444908559322357178e-01
-5.263153314590454102e-01
5.969061851501464844e-01
-2.366053909063339233e-01
-2.449137270450592041e-01
-9.682260155677795410e-01
-1.518371582031250000e+00
-4.569039642810821533e-01
-1.520830392837524414e+00
-4.718194603919982910e-01
-8.462968468666076660e-01
-1.595785498619079590e+00
-2.093775033950805664e+00
7.777632474899291992e-01
-6.563788056373596191e-01
-1.272248983383178711e+00
-8.876730203628540039e-01
1.117349863052368164e+00
5.058766007423400879e-01
-3.347991704940795898e-01
-2.179818451404571533e-01
2.013864964246749878e-01
-6.561710834503173828e-01
-1.057041406631469727e+00
6.168118715286254883e-01
-1.089845776557922363e+00
1.157898083329200745e-01
-9.812726639211177826e-03
3.391007483005523682e-01
3.297666311264038086e-01
1.469315290451049805e-01
3.259369432926177979e-01
-4.915114641189575195e-01
-2.826035916805267334e-01
-1.764683961868286133e+00
-2.740470468997955322e-01
-4.222180843353271484e-01
9.474896192550659180e-01
-1.879218965768814087e-01
4.686913490295410156e-01
-5.012895464897155762e-01
-1.832542061805725098e+00
-4.048572853207588196e-02
2.310145139694213867e+00
2.314571857452392578e+00
-1.100246667861938477e+00
-1.251764178276062012e+00
-1.518407344818115234e+00
-1.839197993278503418e+00
-9.510347247123718262e-01
7.002670764923095703e-01
9.662516713142395020e-01
3.335552513599395752e-01
3.273228406906127930e-01
-6.433813571929931641e-01
-7.032650113105773926e-01
1.745280474424362183e-01
8.244901150465011597e-02
3.198403716087341309e-01
8.706200718879699707e-01
-8.399759978055953979e-02
4.487329721450805664e-01
8.561738133430480957e-01
4.782933592796325684e-01
-1.704992651939392090e+00
3.923320770263671875e-01
-1.596069574356079102e+00
1.117191076278686523e+00
-3.792260289192199707e-01
-1.655647635459899902e+00
7.660206556320190430e-01
-2.627100944519042969e-01
7.783293724060058594e-01
1.024792119860649109e-01
-6.531497240066528320e-01
-8.731772005558013916e-02
3.177044391632080078e-01
-1.892641335725784302e-01
1.495314121246337891e+00
-1.779604703187942505e-02
5.990495085716247559e-01
-5.048886537551879883e-01
1.779257416725158691e+00
1.043576970696449280e-01
-4.274709820747375488e-01
-6.767767071723937988e-01
-2.182954698801040649e-01
-2.541823089122772217e-01
-1.157026290893554688e+00
4.123886823654174805e-01
7.224087119102478027e-01
-1.729383111000061035e+00
1.179562211036682129e+00
2.724118232727050781e+00
-6.194659471511840820e-01
7.288623452186584473e-01
-1.240838527679443359e+00
1.087837457656860352e+00
1.194921851158142090e+00
-9.024444036185741425e-03
-1.239275813102722168e+00
2.392939180135726929e-01
-2.250969111919403076e-01
-8.982406258583068848e-01
7.314766049385070801e-01
-8.378935456275939941e-01
7.948479652404785156e-01
-4.481789469718933105e-01
2.542086839675903320e-01
1.056300401687622070e+00
-8.880868554115295410e-01
-1.132135629653930664e+00
1.554366499185562134e-01
7.163677215576171875e-01
-3.101774752140045166e-01
-4.640412032604217529e-01
-8.609838485717773438e-01
-1.355906605720520020e+00
-7.237929105758666992e-01
-7.573075890541076660e-01
3.363811969757080078e-01
8.841800093650817871e-01
-3.939142227172851562e-01
-8.287891149520874023e-01
8.334859460592269897e-02
-6.739404797554016113e-02
-1.242176368832588196e-01
-1.764557808637619019e-01
5.095619559288024902e-01
-1.255456358194351196e-01
-3.440770134329795837e-02
-1.037026047706604004e+00
-2.683303952217102051e-01
