-8.390512317419052124e-02
5.929629206657409668e-01
-4.923003315925598145e-01
-3.053487651050090790e-02
4.410723745822906494e-01
-4.553987085819244385e-01
-1.018593162298202515e-01
1.201388835906982422e+00
6.366856694221496582e-01
-9.060305953025817871e-01
-7.816817611455917358e-02
-7.047310471534729004e-02
1.657092571258544922e+00
-5.892057418823242188e-01
-4.422581493854522705e-01
-1.808914065361022949e+00
1.068441510200500488e+00
-1.912402212619781494e-01
4.928005933761596680e-01
-5.135844349861145020e-01
1.744057893753051758e+00
6.190540194511413574e-01
-1.425938010215759277e+00
2.028792619705200195e+00
-2.225305318832397461e+00
-7.821697741746902466e-02
6.049424782395362854e-02
2.486173808574676514e-01
1.364500522613525391e+00
1.522267222404479980e+00
-1.480849534273147583e-01
9.877725690603256226e-02
-1.773821860551834106e-01
1.920393943786621094e+00
-5.214049220085144043e-01
-2.847508192062377930e+00
2.372551709413528442e-01
-1.540053486824035645e+00
1.375060081481933594e+00
-7.013139724731445312e-01
-1.453886479139328003e-01
-9.008859992027282715e-01
-5.661938190460205078e-01
7.456986308097839355e-01
1.052615642547607422e+00
-7.717064023017883301e-01
-1.154227972030639648e+00
1.593091964721679688e+00
8.719549328088760376e-02
-6.043477654457092285e-01
1.205382347106933594e+00
-3.066739439964294434e-01
7.541106641292572021e-02
-5.668166875839233398e-01
1.607318520545959473e-01
-1.512594461441040039e+00
-1.271078944206237793e+00
-3.098868392407894135e-02
1.614463686943054199e+00
-2.207322120666503906e+00
-2.612185716629028320e+00
-3.033988714218139648e+00
-8.519305586814880371e-01
3.590440154075622559e-01
-4.558239877223968506e-01
2.556726634502410889e-01
-1.207834362983703613e+00
1.210921764373779297e+00
-3.512303829193115234e-01
7.998963594436645508e-01
4.669602811336517334e-01
5.123376250267028809e-01
1.243972659111022949e+00
-3.604874014854431152e-01
1.044200062751770020e+00
7.069122791290283203e-01
1.078982591629028320e+00
3.717292249202728271e-01
-1.815932989120483398e+00
-3.533472716808319092e-01
7.380557656288146973e-01
1.853899002075195312e+00
-3.662636503577232361e-02
-1.713339686393737793e+00
-1.858076691627502441e+00
7.809880375862121582e-01
-2.270195007324218750e+00
1.444251537322998047e+00
-1.401878476142883301e+00
1.076104879379272461e+00
-6.045994162559509277e-01
-3.461106419563293457e-01
7.405703663825988770e-01
-5.054721236228942871e-01
1.735274672508239746e+00
-7.511685490608215332e-01
-2.457690715789794922e+00
-8.904042243957519531e-01
1.146754264831542969e+00
4.506554007530212402e-01
8.437221050262451172e-01
-8.014997243881225586e-01
3.671759739518165588e-02
-1.794921159744262695e+00
-5.535160303115844727e-01
-4.803224280476570129e-02
-1.064646244049072266e+00
-1.609680056571960449e-01
-1.340060114860534668e+00
1.227769136428833008e+00
9.995517134666442871e-01
5.715848505496978760e-02
-1.563846588134765625e+00
-7.738474011421203613e-02
-1.873738527297973633e+00
-7.109221220016479492e-01
-2.078288495540618896e-01
9.851339459419250488e-01
-4.370754659175872803e-01
7.767762541770935059e-01
4.271963238716125488e-01
6.753979325294494629e-01
1.327724307775497437e-01
-3.391007483005523682e-01
1.332052111625671387e+00
1.026610136032104492e+00
-1.580756716430187225e-02
-2.417817115783691406e-01
