1.630789399147033691e+00
-2.875757455825805664e+00
1.561227083206176758e+00
-9.352567791938781738e-02
-9.151304364204406738e-01
-1.095941901206970215e+00
5.648172497749328613e-01
-4.908652603626251221e-01
-3.275659382343292236e-01
-3.936075866222381592e-01
-1.284084200859069824e+00
5.735784769058227539e-01
-2.801474332809448242e-01
-1.019070520997047424e-01
-3.840618133544921875e-01
2.157431840896606445e-01
4.494061172008514404e-01
5.330291762948036194e-02
-2.678055688738822937e-02
1.188115119934082031e+00
-7.546897530555725098e-01
2.820664644241333008e-01
-9.618011713027954102e-01
1.082843184471130371e+00
1.246392607688903809e+00
1.339932441711425781e+00
1.506252408027648926e+00
-5.792030096054077148e-01
8.921481966972351074e-01
-1.437330603599548340e+00
-5.934907793998718262e-01
1.231994509696960449e+00
9.934212267398834229e-02
-8.622569441795349121e-01
-2.334850072860717773e+00
-9.600124955177307129e-01
1.695584654808044434e+00
-1.099348187446594238e+00
-5.612200498580932617e-01
4.445987939834594727e-01
1.458688735961914062e+00
9.882312417030334473e-01
-5.993139743804931641e-01
-6.884943842887878418e-01
1.387211322784423828e+00
-1.494508743286132812e+00
-1.490195631980895996e+00
1.427280783653259277e+00
-3.091839849948883057e-01
7.563168406486511230e-01
1.405159980058670044e-01
-3.131423890590667725e-01
-1.707427389919757843e-02
7.206652760505676270e-01
7.430977821350097656e-01
2.056422472000122070e+00
-1.648651212453842163e-01
-1.051341176033020020e+00
8.035461902618408203e-01
-1.264842391014099121e+00
-1.149654507637023926e+00
-4.810905158519744873e-01
1.013057470321655273e+00
-3.379098176956176758e-01
-1.321936964988708496e+00
1.000829815864562988e+00
1.218707323074340820e+00
-5.835263729095458984e-01
1.010766252875328064e-01
8.021279424428939819e-02
9.381694197654724121e-01
4.112289845943450928e-01
6.944689750671386719e-01
8.666732311248779297e-01
1.039391517639160156e+00
-1.284591436386108398e+00
9.145041704177856445e-01
7.510698437690734863e-01
4.535143077373504639e-01
5.331363677978515625e-01
-3.634146749973297119e-01
1.910479068756103516e-01
-9.304106831550598145e-01
-2.404175281524658203e+00
-1.070251822471618652e+00
-8.902100473642349243e-02
3.744412660598754883e-01
-9.582679867744445801e-01
-9.239990711212158203e-01
-6.172383427619934082e-01
-2.476267367601394653e-01
1.893306965939700603e-03
-1.052848219871520996e+00
-1.443149805068969727e+00
3.491528332233428955e-01
6.293784976005554199e-01
-1.512128829956054688e+00
-9.377045631408691406e-01
8.972772359848022461e-01
7.424304485321044922e-01
-1.310823678970336914e+00
1.270294308662414551e+00
4.352148249745368958e-02
-1.737718105316162109e+00
1.162887811660766602e-01
-1.401252746582031250e+00
4.692510962486267090e-01
5.803411602973937988e-01
6.421093344688415527e-01
1.370001077651977539e+00
-1.677261590957641602e-01
-7.613601088523864746e-01
6.746341586112976074e-01
-1.187502685934305191e-02
4.582358524203300476e-02
-4.585285186767578125e-01
-1.378014087677001953e+00
-5.268660783767700195e-01
-1.153432726860046387e+00
1.471088767051696777e+00
1.881364285945892334e-01
-1.678626418113708496e+00
-5.121933221817016602e-01
-4.068044424057006836e-01
2.631751820445060730e-02
9.519662261009216309e-01
1.351235389709472656e+00
1.975458562374114990e-01
-1.177435666322708130e-01
7.287452816963195801e-01
-3.072100318968296051e-02
-3.103794455528259277e-01
-4.118694067001342773e-01
-1.112998843193054199e+00
-6.096681356430053711e-01
-1.042890787124633789e+00
-7.104889750480651855e-01
8.892480134963989258e-01
2.386251837015151978e-01
1.167926311492919922e+00
-5.610606670379638672e-01
8.569027483463287354e-02
-1.660228371620178223e+00
-9.002224802970886230e-01
5.079212784767150879e-01
-5.054628103971481323e-02
8.000726103782653809e-01
1.873739250004291534e-02
-4.038462936878204346e-01
2.065934389829635620e-01
2.121967375278472900e-01
2.129492998123168945e+00
-9.726164340972900391e-01
-1.480103135108947754e+00
6.020940542221069336e-01
-5.141820311546325684e-01
-1.414345860481262207e+00
3.933867514133453369e-01
-5.638870000839233398e-01
-6.310433149337768555e-01
-2.012210935354232788e-01
-9.225128889083862305e-01
-8.578453958034515381e-02
-5.032956600189208984e-01
-8.448637127876281738e-01
5.786555409431457520e-01
-4.357021450996398926e-01
-1.045005917549133301e+00
1.746009849011898041e-02
-8.069817423820495605e-01
1.620023846626281738e+00
-3.868736624717712402e-01
2.231264263391494751e-01
-6.495310664176940918e-01
-8.751327395439147949e-01
-2.567690983414649963e-02
-2.097394876182079315e-02
-9.387460350990295410e-01
-1.304900288581848145e+00
7.410845160484313965e-01
3.462349176406860352e-01
1.369348645210266113e+00
1.782687157392501831e-01
2.709589600563049316e-01
-1.040088772773742676e+00
-4.899533987045288086e-01
-8.251093626022338867e-01
9.804325103759765625e-01
3.075517714023590088e-01
5.587758123874664307e-02
8.688090443611145020e-01
5.151851177215576172e-01
-3.627099990844726562e-01
5.195317268371582031e-01
-9.619452357292175293e-01
6.719301342964172363e-01
-9.163699150085449219e-01
1.530389636754989624e-01
-4.180121719837188721e-01
2.075946807861328125e+00
-6.553788185119628906e-01
-1.073707461357116699e+00
-5.079934597015380859e-01
-1.671097040176391602e+00
-1.137722134590148926e+00
2.184307277202606201e-01
-1.494499087333679199e+00
5.674997717142105103e-02
1.815069913864135742e-01
1.709390163421630859e+00
-6.346985697746276855e-01
-6.098973155021667480e-01
2.742164731025695801e-01
-9.706205129623413086e-01
1.178842306137084961e+00
3.871776461601257324e-01
8.221119046211242676e-01
-7.957335710525512695e-01
-3.290233761072158813e-02
-7.769080996513366699e-01
-2.508313953876495361e-01
4.853018224239349365e-01
-8.589124679565429688e-01
3.574434518814086914e-01
7.670195698738098145e-01
-7.324940562248229980e-01
5.095060467720031738e-01
9.851556271314620972e-02
3.647975251078605652e-02
-2.375905990600585938e+00
4.505898952484130859e-01
-1.637646198272705078e+00
-4.112769067287445068e-01
6.401121020317077637e-01
-6.320756077766418457e-01
6.682920455932617188e-01
-9.180730581283569336e-01
1.484635949134826660e+00
1.500943750143051147e-01
3.039187192916870117e-02
-3.942871987819671631e-01
1.997019290924072266e+00
-2.257891148328781128e-01
1.026081815361976624e-01
1.130582243204116821e-01
1.297197461128234863e+00
7.684888243675231934e-01
8.494607806205749512e-01
-1.295627474784851074e+00
-8.381896018981933594e-01
1.901712119579315186e-01
9.154834151268005371e-01
3.368879556655883789e-01
-3.414334356784820557e-01
3.459041714668273926e-01
-5.583677887916564941e-01
5.864055827260017395e-02
-7.265840768814086914e-01
-9.045726060867309570e-01
8.175181746482849121e-01
5.170557498931884766e-01
-9.931359887123107910e-01
-8.443025499582290649e-02
-8.166344836354255676e-03
-2.132423371076583862e-01
-1.608748793601989746e+00
4.309315085411071777e-01
-5.273001194000244141e-01
1.073743581771850586e+00
-9.202663302421569824e-01
1.515331983566284180e+00
-1.181816816329956055e+00
-1.913531780242919922e+00
-7.736557722091674805e-01
-7.743707299232482910e-01
-9.075139760971069336e-01
-1.332233905792236328e+00
8.871426582336425781e-01
2.849941849708557129e-01
7.258137464523315430e-01
-7.429045438766479492e-01
1.926350146532058716e-01
9.384046494960784912e-02
-1.843695938587188721e-01
8.945080041885375977e-01
-1.324189305305480957e+00
3.206537291407585144e-02
-3.017807565629482269e-02
4.883531928062438965e-01
-8.834146261215209961e-01
-9.850044846534729004e-01
-8.371123075485229492e-01
-6.080415248870849609e-01
-1.462660431861877441e+00
9.507379531860351562e-01
-7.336707115173339844e-01
9.488352537155151367e-01
-3.891265690326690674e-01
-1.420064091682434082e+00
-5.120533704757690430e-01
-1.325961351394653320e+00
5.875520110130310059e-01
-1.634711503982543945e+00
-7.227711379528045654e-02
-1.995963156223297119e-01
3.567486256361007690e-02
1.166562795639038086e+00
-5.588228702545166016e-01
-9.381102323532104492e-01
-6.328369975090026855e-01
1.842580318450927734e+00
-2.040569543838500977e+00
-7.333238124847412109e-01
6.972052901983261108e-02
1.717644333839416504e+00
1.464938074350357056e-01
7.835722565650939941e-01
1.244058847427368164e+00
1.684025406837463379e+00
-1.831747770309448242e+00
-6.538493633270263672e-01
-2.606364153325557709e-02
-1.471320033073425293e+00
5.853129625320434570e-01
-2.518371343612670898e-01
2.618775665760040283e-01
-2.414800167083740234e+00
1.475437730550765991e-01
-1.428444087505340576e-01
1.409487128257751465e+00
-7.242777943611145020e-01
-1.008354544639587402e+00
-4.403483271598815918e-01
-4.432992637157440186e-01
-6.583200693130493164e-01
-8.782733082771301270e-01
1.453325271606445312e+00
-5.774670243263244629e-01
-1.518205523490905762e+00
1.072313487529754639e-01
-1.027918532490730286e-01
5.095388889312744141e-01
-6.758068799972534180e-01
-4.399006962776184082e-01
-5.027894377708435059e-01
6.749427318572998047e-01
-5.825018286705017090e-01
-9.901614487171173096e-02
1.043189644813537598e+00
-2.621588706970214844e-01
1.332133561372756958e-01
9.281185865402221680e-01
-9.567886590957641602e-01
1.017118334770202637e+00
-1.003153800964355469e+00
1.063108444213867188e-02
9.057506918907165527e-01
-1.023135662078857422e+00
1.863583177328109741e-01
1.526097804307937622e-01
5.100568532943725586e-01
2.660450935363769531e-01
-6.451187655329704285e-03
-1.464762687683105469e+00
1.292358785867691040e-01
-1.121756434440612793e+00
-2.112600564956665039e+00
-2.117192558944225311e-02
-1.090745091438293457e+00
-7.708249092102050781e-01
7.437592148780822754e-01
5.740935206413269043e-01
1.686539411544799805e+00
2.175636142492294312e-01
-5.455191805958747864e-02
-2.879202365875244141e-01
-1.625590771436691284e-01
-2.104608774185180664e+00
1.146257519721984863e+00
6.861385703086853027e-01
1.121469855308532715e+00
-1.452402830123901367e+00
4.397415518760681152e-01
1.071959257125854492e+00
-1.163374066352844238e+00
8.110187053680419922e-01
-3.145366907119750977e-01
-3.467609584331512451e-01
-1.169475793838500977e+00
-8.100837469100952148e-01
5.619052052497863770e-01
5.284205079078674316e-02
1.653758645057678223e+00
-4.637394845485687256e-01
2.428035885095596313e-01
-2.301207065582275391e+00
-1.862013936042785645e-01
-1.469662547111511230e+00
-6.127481460571289062e-01
8.078897595405578613e-01
2.351280003786087036e-01
2.876812815666198730e-01
-1.747037470340728760e-01
2.335187047719955444e-01
-3.260619044303894043e-01
1.661706209182739258e+00
-1.027155876159667969e+00
-1.004698514938354492e+00
-2.378712892532348633e-01
-6.974472105503082275e-02
-3.437563776969909668e-01
5.298324227333068848e-01
2.452664524316787720e-01
3.161936402320861816e-01
3.991822004318237305e-01
1.779367327690124512e-01
-4.788429141044616699e-01
1.113859564065933228e-01
3.197185099124908447e-01
1.395841360092163086e+00
-9.873509407043457031e-01
-8.464872837066650391e-01
9.488807916641235352e-01
1.444421768188476562e+00
-6.005344986915588379e-01
8.424616456031799316e-01
4.402883648872375488e-01
3.592554032802581787e-01
5.921609401702880859e-01
-1.742803901433944702e-01
5.376669168472290039e-01
-3.303603501990437508e-03
9.487088322639465332e-01
1.608758121728897095e-01
3.364357233047485352e+00
-2.646130919456481934e-01
2.732293307781219482e-01
2.266815155744552612e-01
2.869393229484558105e-01
-8.156625926494598389e-02
-1.583583474159240723e+00
-3.793227672576904297e-01
-8.665906786918640137e-01
-1.364710927009582520e+00
-1.125957608222961426e+00
6.250696778297424316e-01
-1.223450660705566406e+00
-5.415713787078857422e-01
-1.828017592430114746e+00
2.181269526481628418e-01
8.509069085121154785e-01
1.118006944656372070e+00
1.174416184425354004e+00
-8.924843668937683105e-01
5.268815159797668457e-01
-2.663476467132568359e+00
1.816176295280456543e+00
-2.521958053112030029e-01
-4.563735425472259521e-01
2.195772409439086914e+00
-1.032703876495361328e+00
1.345455050468444824e+00
-8.594786524772644043e-01
-6.010645627975463867e-01
1.516071915626525879e+00
6.031807884573936462e-02
3.104787170886993408e-01
2.885838150978088379e-01
-9.997242689132690430e-01
-8.120759725570678711e-01
-1.091821938753128052e-01
-4.899605810642242432e-01
3.364439308643341064e-01
-1.383287668228149414e+00
-2.076835155487060547e+00
-7.907210588455200195e-01
-3.941234946250915527e-02
3.219649791717529297e-01
1.409916758537292480e+00
-1.314459919929504395e+00
-9.761455059051513672e-01
-1.249542117118835449e+00
2.078679352998733521e-01
1.229845762252807617e+00
1.248439669609069824e+00
-1.241190791130065918e+00
-1.245712399482727051e+00
-2.785272300243377686e-01
-1.488846726715564728e-02
1.864214897155761719e+00
-1.710618138313293457e+00
8.533397912979125977e-01
-1.543093562126159668e+00
-1.706398129463195801e-01
-2.226997613906860352e-01
5.579887032508850098e-01
-5.299432873725891113e-01
1.599163860082626343e-01
2.928071618080139160e-01
-1.314666152000427246e+00
-3.635815382003784180e-01
4.710065424442291260e-01
-1.218797802925109863e+00
-8.794327825307846069e-02
3.142035305500030518e-01
2.305899560451507568e-01
-6.722769141197204590e-01
1.039926528930664062e+00
-1.329329490661621094e+00
4.748258292675018311e-01
-3.260593712329864502e-01
5.019430518150329590e-01
8.997558951377868652e-01
1.613131046295166016e+00
-2.454383850097656250e+00
-1.896718382835388184e+00
-7.143618464469909668e-01
-1.042440176010131836e+00
-8.146244287490844727e-01
2.978393733501434326e-01
4.476166069507598877e-01
-5.127837061882019043e-01
-1.441829323768615723e+00
1.018887639045715332e+00
-1.231913268566131592e-01
-8.432484865188598633e-01
-7.440707087516784668e-02
1.618022322654724121e-01
4.738169014453887939e-01
-2.800397276878356934e-01
7.062459588050842285e-01
-1.315641701221466064e-01
-1.164756774902343750e+00
-1.557905435562133789e+00
-1.365848481655120850e-01
-4.312082529067993164e-01
-1.152462810277938843e-01
-1.767519563436508179e-01
-1.298403620719909668e+00
2.033823728561401367e-01
-1.448871970176696777e+00
7.265542149543762207e-01
-4.040328562259674072e-01
-1.753068119287490845e-01
-6.998998522758483887e-01
-3.370913863182067871e-01
-4.820962250232696533e-01
-4.360526204109191895e-01
-6.020568609237670898e-01
3.315125107765197754e-01
1.863416433334350586e+00
8.040699958801269531e-01
-7.387618422508239746e-01
4.716220498085021973e-01
2.997293770313262939e-01
-1.419522166252136230e+00
8.050407171249389648e-01
-1.165483355522155762e+00
-5.929846763610839844e-01
5.342985391616821289e-01
-1.475459039211273193e-01
7.472437024116516113e-01
-6.548213362693786621e-01
-2.451710999011993408e-01
1.084163069725036621e+00
3.230387344956398010e-02
-6.457604169845581055e-01
-3.185728490352630615e-01
-2.632057189941406250e+00
-7.449687719345092773e-01
-7.139993906021118164e-01
1.360972285270690918e+00
-1.941942125558853149e-01
3.676564991474151611e-01
-1.403183639049530029e-01
9.112675786018371582e-01
-1.931852602865546942e-04
2.757169678807258606e-02
-5.440782383084297180e-02
-1.247534394264221191e+00
-7.906206250190734863e-01
1.116603985428810120e-01
-1.014991760253906250e+00
4.185994267463684082e-01
1.264983415603637695e+00
7.031832337379455566e-01
4.790591001510620117e-01
-1.069015741348266602e+00
-2.719244547188282013e-02
1.142124161124229431e-01
-1.068362742662429810e-01
-2.616764307022094727e-01
-1.898326352238655090e-02
-2.080547809600830078e+00
9.201845526695251465e-01
-7.271078228950500488e-01
5.759736895561218262e-01
7.935501933097839355e-01
3.029229640960693359e-01
5.506839156150817871e-01
-1.603653311729431152e+00
-6.083561182022094727e-01
-5.818146467208862305e-01
4.582836329936981201e-01
-4.629092812538146973e-01
-3.055997490882873535e-01
3.247709870338439941e-01
1.669854760169982910e+00
-1.522379815578460693e-01
2.460842609405517578e+00
-5.254940390586853027e-01
1.609433054924011230e+00
6.521071195602416992e-01
-4.826327860355377197e-01
9.412602782249450684e-01
-1.635885387659072876e-01
-1.383488476276397705e-01
-2.417317867279052734e+00
-1.424028873443603516e+00
-1.454419970512390137e+00
-5.736936330795288086e-01
1.149981737136840820e+00
5.522920489311218262e-01
-1.019341826438903809e+00
3.222014904022216797e-01
3.527601242065429688e+00
1.252136349678039551e+00
-8.324622511863708496e-01
9.499588012695312500e-01
-3.402648270130157471e-01
-9.918544441461563110e-02
-2.734273113310337067e-02
-6.026188731193542480e-01
-4.154501557350158691e-01
-4.640836119651794434e-01
8.754843473434448242e-01
6.997756958007812500e-01
7.704951167106628418e-01
4.101539254188537598e-01
-5.171188116073608398e-01
1.060512900352478027e+00
7.609868049621582031e-01
-4.607053399085998535e-01
1.444383025169372559e+00
-9.475499391555786133e-01
-4.844236746430397034e-02
1.614609956741333008e+00
3.406909108161926270e-01
2.120177984237670898e+00
5.961760282516479492e-01
-1.691461205482482910e+00
-1.185947537422180176e+00
3.820125460624694824e-01
1.509848713874816895e+00
7.882778644561767578e-01
-1.248742461204528809e+00
-2.903937995433807373e-01
1.490444839000701904e-01
-5.187696218490600586e-01
-1.704929918050765991e-01
8.591744303703308105e-01
8.727937340736389160e-01
-1.823340535163879395e+00
-1.460931420326232910e+00
-1.280467957258224487e-01
-4.849556386470794678e-01
3.794119060039520264e-01
2.130048036575317383e+00
6.116623878479003906e-01
-3.904622197151184082e-01
-1.218855619430541992e+00
5.026935338973999023e-01
1.324454307556152344e+00
2.613571584224700928e-01
1.431720495223999023e+00
-2.581014335155487061e-01
1.517857611179351807e-01
1.824807882308959961e+00
2.856068015098571777e-01
-6.419269442558288574e-01
2.118604183197021484e-01
-2.708778977394104004e-01
7.683626413345336914e-01
-5.470198392868041992e-01
9.786971807479858398e-01
-5.033393949270248413e-02
2.083673328161239624e-01
9.484210014343261719e-01
-1.524131000041961670e-01
-4.745239317417144775e-01
2.804318904876708984e+00
-1.527263224124908447e-02
1.044400572776794434e+00
-7.734041213989257812e-01
8.772416114807128906e-01
-2.477668076753616333e-01
8.632073998451232910e-01
-8.468297719955444336e-01
2.937609553337097168e-01
1.330300450325012207e+00
3.887467682361602783e-01
5.861184597015380859e-01
-3.455436229705810547e-01
1.737178564071655273e+00
-8.272558450698852539e-01
-2.516996383666992188e+00
-1.238470435142517090e+00
7.512117028236389160e-01
1.125344157218933105e+00
-5.744017362594604492e-01
-9.230860322713851929e-02
-2.979245781898498535e-02
4.255903065204620361e-01
3.743507564067840576e-01
-1.384729743003845215e+00
1.853344738483428955e-01
1.054747223854064941e+00
-2.122428864240646362e-01
-1.252296805381774902e+00
-1.163977622985839844e+00
8.277565240859985352e-01
4.176529347896575928e-01
-1.483070999383926392e-01
8.760207295417785645e-01
-9.151049256324768066e-01
-4.582985043525695801e-01
-2.216348610818386078e-02
-1.246716499328613281e+00
-5.272362232208251953e-01
-3.994868397712707520e-01
-1.030710577964782715e+00
-1.596665829420089722e-01
-9.009692668914794922e-01
1.697402477264404297e+00
3.294774144887924194e-02
7.554832696914672852e-01
7.554728984832763672e-01
1.785906434059143066e+00
-1.584815979003906250e+00
-1.428778655827045441e-02
-7.800363302230834961e-01
5.416654944419860840e-01
1.147090077400207520e+00
-1.436839342117309570e+00
3.811984509229660034e-02
1.110168576240539551e+00
-1.039731860160827637e+00
6.702823638916015625e-01
1.683502554893493652e+00
-1.314459323883056641e+00
3.684036731719970703e-01
2.096083462238311768e-01
-2.017375469207763672e+00
3.334707021713256836e-01
-2.001991748809814453e+00
8.050245046615600586e-01
-1.398084044456481934e+00
9.633757472038269043e-01
2.092603780329227448e-02
2.045889943838119507e-01
8.859775662422180176e-01
-6.441650986671447754e-01
-6.849035620689392090e-01
1.233708411455154419e-01
-4.888882339000701904e-01
-1.268409490585327148e+00
-8.314061909914016724e-03
-1.226675868034362793e+00
4.576085507869720459e-01
1.147310256958007812e+00
3.131637275218963623e-01
-1.267254590988159180e+00
1.852419078350067139e-01
1.007341623306274414e+00
-2.918780781328678131e-03
-7.583678960800170898e-01
4.809012413024902344e-01
-1.002681374549865723e+00
5.885667204856872559e-01
7.025566697120666504e-01
-6.736388802528381348e-02
-1.971442848443984985e-01
-2.145006656646728516e+00
-3.298703730106353760e-01
-4.198193550109863281e-01
4.214969575405120850e-01
-1.525878429412841797e+00
-4.331026375293731689e-01
-1.698968172073364258e+00
6.623130440711975098e-01
6.809851527214050293e-01
-1.582932472229003906e+00
-7.823569327592849731e-02
-5.267595872282981873e-02
7.959750294685363770e-01
-1.203304529190063477e+00
-1.228005886077880859e-01
-4.157882928848266602e-02
-4.928278028964996338e-01
-1.120664238929748535e+00
-3.028505016118288040e-03
-1.859685182571411133e-01
6.527800559997558594e-01
-1.223706722259521484e+00
-2.852649092674255371e-01
6.707848310470581055e-01
-1.739346623420715332e+00
-1.113581299781799316e+00
6.264577507972717285e-01
1.213165760040283203e+00
6.148495674133300781e-01
1.302045583724975586e-01
1.000090122222900391e+00
-1.405325770378112793e+00
3.637367486953735352e-01
4.017747044563293457e-01
2.264116853475570679e-01
-1.427329659461975098e+00
-1.022089123725891113e+00
-9.738107919692993164e-01
-7.811436057090759277e-01
7.239671796560287476e-02
9.594818353652954102e-01
-1.411477208137512207e+00
7.323746085166931152e-01
6.646997332572937012e-01
1.567851305007934570e+00
1.312130689620971680e+00
-5.469864010810852051e-01
-7.445052862167358398e-01
4.644629359245300293e-01
1.023835659027099609e+00
-2.669372968375682831e-02
1.712604016065597534e-01
3.641068637371063232e-01
1.556170582771301270e+00
-9.872136712074279785e-01
-9.872917085886001587e-02
-1.026951432228088379e+00
-9.343433976173400879e-01
2.251499891281127930e-01
2.422188371419906616e-01
-1.527512550354003906e+00
2.188343256711959839e-01
8.209350109100341797e-01
1.082825660705566406e+00
-5.401973724365234375e-01
1.117691755294799805e+00
-1.271733283996582031e+00
-7.075116038322448730e-01
9.705107212066650391e-01
-4.176947176456451416e-01
3.258913755416870117e-03
-3.021682500839233398e+00
-6.060937047004699707e-01
-1.378707647323608398e+00
1.179690599441528320e+00
8.791114687919616699e-01
-3.030882179737091064e-01
-3.375682532787322998e-01
-8.714332580566406250e-01
5.983372926712036133e-01
1.929243326187133789e+00
3.516025841236114502e-01
1.051023721694946289e+00
5.740827918052673340e-01
2.422288507223129272e-01
3.261272981762886047e-02
2.615011334419250488e-01
6.703199148178100586e-01
5.627127289772033691e-01
-1.677096009254455566e+00
-5.774307847023010254e-01
9.310334920883178711e-01
-1.900304406881332397e-01
-8.846916556358337402e-01
1.114753007888793945e+00
-1.015775799751281738e+00
-2.946885824203491211e-01
-3.635325431823730469e-01
-3.763095438480377197e-01
1.062949538230895996e+00
-1.056922599673271179e-01
-7.680203914642333984e-01
-1.582447439432144165e-02
-3.147675096988677979e-01
-1.209173917770385742e+00
3.035178482532501221e-01
3.327635815367102623e-03
2.605912387371063232e-01
5.031949281692504883e-01
-2.359244376420974731e-01
5.662708356976509094e-02
-2.826932072639465332e-01
5.941210389137268066e-01
1.062239753082394600e-03
-3.146845102310180664e-01
5.011299252510070801e-01
-9.376970529556274414e-01
9.982092306017875671e-03
6.275750398635864258e-01
-3.184443414211273193e-01
3.476348817348480225e-01
4.757169187068939209e-01
-4.591220617294311523e-01
1.625085353851318359e+00
-1.232266426086425781e-02
-1.172224521636962891e+00
-2.097693085670471191e-02
-2.920073270797729492e-01
1.614947795867919922e+00
9.141174554824829102e-01
4.041047394275665283e-01
6.538602113723754883e-01
-1.952877789735794067e-01
1.819793939590454102e+00
-7.654818892478942871e-01
2.412906885147094727e-01
-1.996245793998241425e-02
2.365609109401702881e-01
3.455180674791336060e-02
5.574183464050292969e-01
7.847447395324707031e-01
-6.272428631782531738e-01
-1.400529444217681885e-01
1.059498310089111328e+00
-7.660238742828369141e-01
5.579005479812622070e-01
-8.204149603843688965e-01
1.479211688041687012e+00
-8.539018034934997559e-01
3.397655189037322998e-01
-2.528121709823608398e+00
-1.052415013313293457e+00
-5.747444033622741699e-01
6.603362560272216797e-01
9.636147022247314453e-01
6.692920327186584473e-01
-1.098260164260864258e+00
9.948061704635620117e-01
1.127636671066284180e+00
1.807793825864791870e-01
3.499224185943603516e-01
1.247550964355468750e+00
2.045433998107910156e+00
1.803283244371414185e-01
-1.721521615982055664e-01
-1.779130458831787109e+00
-9.999313354492187500e-01
1.092058658599853516e+00
5.037112236022949219e-01
1.946089863777160645e-01
9.039323329925537109e-01
8.670523762702941895e-01
-6.998323649168014526e-02
-1.049629092216491699e+00
3.853494524955749512e-01
8.891836404800415039e-01
5.952146649360656738e-01
9.574626088142395020e-01
3.118057548999786377e-02
3.303529620170593262e-01
2.153201550245285034e-01
-5.522964596748352051e-01
-3.459506332874298096e-01
6.320410370826721191e-01
7.986340671777725220e-02
-2.352778434753417969e+00
1.472277164459228516e+00
-2.065810680389404297e+00
1.025593876838684082e+00
-5.110776424407958984e-01
-1.220013141632080078e+00
4.786293506622314453e-01
3.611564636230468750e-01
1.185067347250878811e-03
-3.072864711284637451e-01
-1.788645386695861816e-01
1.908335238695144653e-01
-1.782652735710144043e-01
-7.247977256774902344e-01
1.753954768180847168e+00
-9.742316603660583496e-01
-1.066788315773010254e+00
1.404772520065307617e+00
2.041811048984527588e-01
1.449185132980346680e+00
1.676794171333312988e+00
1.130743861198425293e+00
8.096705675125122070e-01
-4.903275668621063232e-01
1.408205747604370117e+00
6.043324470520019531e-01
-6.284272074699401855e-01
-1.237688422203063965e+00
1.261881470680236816e+00
-1.278818845748901367e+00
9.805056452751159668e-01
-7.113665938377380371e-01
1.812668740749359131e-01
