3.771446347236633301e-01
-4.789825379848480225e-01
2.430694699287414551e-01
-1.207574486732482910e+00
1.245048284530639648e+00
-1.293794393539428711e+00
1.394069314002990723e+00
-1.173614740371704102e+00
2.005733966827392578e+00
-9.267476201057434082e-01
-6.844936609268188477e-01
2.157339572906494141e+00
7.154824733734130859e-01
-5.952877402305603027e-01
1.507400155067443848e+00
-1.859258174896240234e+00
3.594459891319274902e-01
-7.289767265319824219e-01
-6.595022082328796387e-01
-7.094715237617492676e-01
-1.221667766571044922e+00
3.444238007068634033e-01
1.280570387840270996e+00
6.619866490364074707e-01
-9.660185575485229492e-01
3.685296475887298584e-01
-1.505533307790756226e-01
-5.189720392227172852e-01
1.578783750534057617e+00
8.725309967994689941e-01
2.899759709835052490e-01
1.136290907859802246e+00
1.262120008468627930e-01
6.551290750503540039e-01
-1.697727292776107788e-01
-2.470972537994384766e-01
1.551867723464965820e+00
2.558328807353973389e-01
5.016874074935913086e-01
4.414306282997131348e-01
2.919898927211761475e-01
8.297520279884338379e-01
-2.796647548675537109e+00
3.070176243782043457e-01
-1.464063048362731934e+00
1.646942794322967529e-01
-1.502691149711608887e+00
7.576559185981750488e-01
-1.081287622451782227e+00
1.725293874740600586e+00
3.830821514129638672e-01
1.210885882377624512e+00
7.633430957794189453e-01
-6.261169910430908203e-01
1.824413418769836426e+00
-1.182644844055175781e+00
7.980273962020874023e-01
1.301007270812988281e-01
5.486462116241455078e-01
-6.863904595375061035e-01
-1.835247159004211426e+00
5.483218431472778320e-01
1.226065516471862793e+00
2.065241575241088867e+00
8.670823276042938232e-02
-3.706673681735992432e-01
2.057879447937011719e+00
-3.762773275375366211e-01
7.328631877899169922e-01
9.024525880813598633e-01
-8.649289011955261230e-01
1.668128557503223419e-02
-4.562683403491973877e-01
-1.342195510864257812e+00
2.061396598815917969e+00
-9.382434934377670288e-02
-1.159308195114135742e+00
1.233409494161605835e-01
-1.296420693397521973e-01
-1.588314473628997803e-01
7.629219889640808105e-01
-1.622526884078979492e+00
3.542664945125579834e-01
8.280271291732788086e-01
-1.124300360679626465e+00
5.320343971252441406e-01
1.559455037117004395e+00
8.373079448938369751e-02
1.325200080871582031e+00
-1.435349583625793457e+00
-7.542741894721984863e-01
1.034508824348449707e+00
1.763201236724853516e+00
-1.362925767898559570e+00
-5.554140210151672363e-01
7.167572379112243652e-01
6.707389950752258301e-01
-2.159233808517456055e+00
9.671310186386108398e-01
-7.385107278823852539e-01
1.203190088272094727e+00
3.073261678218841553e-01
1.090641990303993225e-01
-2.402734905481338501e-01
-5.594930052757263184e-01
-1.357462286949157715e+00
-8.909863233566284180e-01
-9.240426421165466309e-01
-1.556976079940795898e+00
-7.070648074150085449e-01
4.021868407726287842e-01
-3.755101263523101807e-01
-1.587647080421447754e+00
-3.565289378166198730e-01
8.868981599807739258e-01
7.689623236656188965e-01
5.885514020919799805e-01
1.991522192955017090e+00
-2.046432733535766602e+00
6.923854947090148926e-01
-1.333709836006164551e+00
1.443296670913696289e+00
7.741556167602539062e-01
2.774399816989898682e-01
-2.797060012817382812e-01
1.773212850093841553e-01
-1.287984609603881836e+00
-1.223020553588867188e+00
