-8.145504593849182129e-01
1.421062231063842773e+00
-6.329085826873779297e-01
-8.096124529838562012e-01
-2.324326522648334503e-02
2.269968837499618530e-01
1.443192243576049805e+00
-1.023612499237060547e+00
-1.623371243476867676e+00
8.917016386985778809e-01
1.705759167671203613e+00
-3.150140345096588135e-01
-3.633500933647155762e-01
4.262078702449798584e-01
-1.944557949900627136e-02
2.426983863115310669e-01
6.197310984134674072e-02
-2.027211338281631470e-01
1.096694827079772949e+00
1.131870597600936890e-01
-8.086715936660766602e-01
-1.995232403278350830e-01
-7.692583799362182617e-01
1.576780796051025391e+00
-1.863761425018310547e+00
7.542322874069213867e-01
1.161237716674804688e+00
-6.329940557479858398e-01
-3.513323664665222168e-01
2.421984374523162842e-01
1.237518191337585449e+00
1.583396196365356445e+00
-1.947264373302459717e-01
-6.258122324943542480e-01
-6.095568090677261353e-02
-1.996283888816833496e+00
9.500278974883258343e-04
-4.389565587043762207e-01
-1.293219625949859619e-01
-1.142393946647644043e+00
-2.555786073207855225e-01
-6.850684285163879395e-01
2.606074512004852295e-01
-1.009769588708877563e-01
-5.995602607727050781e-01
-1.121992468833923340e+00
6.634208559989929199e-01
-8.811872601509094238e-01
1.216599464416503906e+00
7.422270625829696655e-02
1.352876186370849609e+00
-1.460638284683227539e+00
-5.430156588554382324e-01
2.190279662609100342e-01
-1.675371289253234863e+00
-4.894951283931732178e-01
-6.186968684196472168e-01
-2.109071612358093262e-01
2.437828063964843750e+00
3.045215606689453125e-01
-1.284659385681152344e+00
-1.215856552124023438e+00
1.196895718574523926e+00
9.598508477210998535e-01
3.821599185466766357e-01
1.256573081016540527e+00
7.302476763725280762e-01
-2.345677167177200317e-01
2.674620866775512695e+00
1.953668445348739624e-01
1.028243541717529297e+00
-1.046013355255126953e+00
-5.129627585411071777e-01
-2.917757034301757812e-01
-3.057096898555755615e-01
-4.847427606582641602e-01
2.742067873477935791e-01
1.705932974815368652e+00
-5.010847449302673340e-01
-9.932596683502197266e-01
-2.525442242622375488e-01
-5.663502812385559082e-01
-1.008178710937500000e+00
-1.811327219009399414e+00
-7.778570652008056641e-01
-9.511381387710571289e-01
1.739461541175842285e+00
-5.161575675010681152e-01
-1.032326698303222656e+00
-5.582969188690185547e-01
-6.795678287744522095e-02
-2.460157871246337891e-01
-3.927173912525177002e-01
1.799893021583557129e+00
-6.035189032554626465e-01
-3.931047916412353516e-01
8.816097378730773926e-01
-1.192992687225341797e+00
1.872774958610534668e-01
-1.748613119125366211e+00
1.877684235572814941e+00
5.750711560249328613e-01
1.839554309844970703e+00
-1.421679854393005371e+00
1.819117426872253418e+00
-1.123115420341491699e+00
-3.548569977283477783e-01
9.082592725753784180e-01
5.624710917472839355e-01
-7.188165187835693359e-01
-3.707024827599525452e-02
4.202469289302825928e-01
1.043498039245605469e+00
8.695527911186218262e-01
2.986826002597808838e-01
4.301390051841735840e-01
1.765274763107299805e+00
6.786845922470092773e-01
2.691239416599273682e-01
-6.394063830375671387e-01
-1.266894936561584473e+00
-6.572371125221252441e-01
6.458897590637207031e-01
-9.233033657073974609e-01
-4.067184031009674072e-01
-2.187015712261199951e-01
3.223989605903625488e-01
-7.662306427955627441e-01
-1.302989274263381958e-01
9.132517576217651367e-01
3.934432864189147949e-01
7.134517431259155273e-01
-1.170918464660644531e+00
-1.180988401174545288e-01
-1.474045962095260620e-01
5.979551076889038086e-01
-3.494119942188262939e-01
-9.480541944503784180e-01
6.268478035926818848e-01
6.910482048988342285e-01
-1.379419714212417603e-01
-2.334489524364471436e-01
-7.312393188476562500e-01
4.027624726295471191e-01
4.168507158756256104e-01
8.158724009990692139e-02
8.643479347229003906e-01
-6.132530421018600464e-02
-1.485882759094238281e+00
-7.323111295700073242e-01
6.212493777275085449e-01
-1.641463339328765869e-01
1.495253205299377441e+00
-8.098867535591125488e-01
-1.533452033996582031e+00
-4.151374697685241699e-01
-1.579094529151916504e+00
4.450031518936157227e-01
-1.547579169273376465e+00
1.341182231903076172e+00
8.783934116363525391e-01
-2.469354420900344849e-01
-4.166213274002075195e-01
4.152157902717590332e-01
-1.414791941642761230e+00
6.339891552925109863e-01
-2.625126540660858154e-01
-1.648978114128112793e+00
4.328710958361625671e-02
-9.012435674667358398e-01
-4.343800619244575500e-02
1.167196154594421387e+00
3.737385869026184082e-01
-3.983707353472709656e-02
-4.081189632415771484e-01
-4.066276550292968750e-01
8.193611502647399902e-01
-3.380468189716339111e-01
1.453423500061035156e-01
2.674158334732055664e+00
1.104927808046340942e-01
-7.629919052124023438e-02
-3.121764063835144043e-01
9.043336510658264160e-01
8.667851239442825317e-02
1.972083188593387604e-02
-1.893602758646011353e-01
1.466001868247985840e+00
-1.854892253875732422e+00
7.106958329677581787e-02
-3.088106215000152588e-01
7.479134202003479004e-01
8.650552630424499512e-01
1.248765513300895691e-01
-7.932168841361999512e-01
-1.125382065773010254e+00
-1.146500706672668457e+00
8.356009721755981445e-01
-8.096823692321777344e-01
8.336343169212341309e-01
3.258141875267028809e-01
1.883541226387023926e+00
-1.414089560508728027e+00
8.199820518493652344e-01
-3.874796330928802490e-01
-1.168717965483665466e-01
-1.446357965469360352e+00
-8.059610724449157715e-01
-4.721918404102325439e-01
1.084121227264404297e+00
-1.137400746345520020e+00
8.279306888580322266e-01
1.029449105262756348e+00
-7.978103756904602051e-01
1.469631791114807129e+00
2.879200875759124756e-01
1.110941171646118164e+00
5.216460824012756348e-01
1.689576506614685059e-01
-2.215403690934181213e-02
-3.141751289367675781e-01
1.250401288270950317e-01
-1.005815029144287109e+00
1.557522118091583252e-01
-6.903493404388427734e-01
1.007245302200317383e+00
-5.577741265296936035e-01
-1.487172544002532959e-01
1.629378914833068848e+00
-5.794752761721611023e-02
-5.774651467800140381e-02
3.096325509250164032e-02
5.400342345237731934e-01
-4.229292273521423340e-01
-1.299506664276123047e+00
-4.417416453361511230e-01
-7.286198735237121582e-01
-1.266640305519104004e+00
3.078291006386280060e-02
7.456082105636596680e-01
1.626766771078109741e-01
1.985932111740112305e+00
-1.493730992078781128e-01
-3.265598416328430176e-01
4.563491940498352051e-01
-1.906054854393005371e+00
1.698249578475952148e-01
5.991434454917907715e-01
5.479544997215270996e-01
-6.343148350715637207e-01
-4.234083294868469238e-01
-8.940064907073974609e-02
1.183293461799621582e+00
4.177846014499664307e-01
-6.859488785266876221e-02
-1.076211094856262207e+00
1.750840395689010620e-01
-1.357989460229873657e-01
-1.982540130615234375e+00
-6.741707324981689453e-01
3.805847764015197754e-01
6.037313342094421387e-01
-1.153855547308921814e-01
-1.366763114929199219e-01
-1.450659483671188354e-01
5.966025590896606445e-01
-1.469008326530456543e+00
1.077389001846313477e+00
-1.567840456962585449e+00
-7.128582596778869629e-01
4.048433899879455566e-01
9.940730407834053040e-03
-1.111307814717292786e-01
-1.014432549476623535e+00
-4.301424920558929443e-01
-3.586511909961700439e-01
-1.800107210874557495e-01
-8.384145498275756836e-01
1.444315671920776367e+00
-1.460971385240554810e-01
4.304571747779846191e-01
4.182720184326171875e-01
-2.145288467407226562e+00
-8.991952538490295410e-01
7.861234545707702637e-01
-8.417062759399414062e-01
-1.286648631095886230e+00
1.109469771385192871e+00
1.010832548141479492e+00
1.167116403579711914e+00
1.442307680845260620e-01
1.429561376571655273e-01
1.201352357864379883e+00
7.195771336555480957e-01
-4.757093489170074463e-01
-8.565427064895629883e-01
4.537720978260040283e-01
-3.448043167591094971e-01
2.031235247850418091e-01
4.223942160606384277e-01
-1.623580604791641235e-01
-1.021185874938964844e+00
5.138121247291564941e-01
-7.358516454696655273e-01
-2.906894385814666748e-01
6.369380950927734375e-01
-4.210904240608215332e-01
-6.917871832847595215e-01
-4.537591338157653809e-01
-2.171561419963836670e-01
4.121246337890625000e-01
3.480777516961097717e-02
1.062378525733947754e+00
3.700182959437370300e-02
-5.186095833778381348e-01
1.075916051864624023e+00
1.970529317855834961e+00
1.184383869171142578e+00
1.625461816787719727e+00
1.060020327568054199e+00
-5.019679069519042969e-01
1.691331267356872559e+00
1.496045470237731934e+00
3.546037077903747559e-01
1.523780822753906250e+00
-3.955786824226379395e-01
-7.463729381561279297e-01
3.120960853993892670e-02
5.772339105606079102e-01
-1.628274321556091309e-01
8.753188848495483398e-01
3.538152575492858887e-01
-5.829099416732788086e-01
-4.829739928245544434e-01
7.977505028247833252e-02
-1.729793071746826172e+00
2.127552330493927002e-01
9.155890345573425293e-01
-1.545185565948486328e+00
1.552419543266296387e+00
-9.183125495910644531e-01
4.610818326473236084e-01
-1.645818710327148438e+00
3.661760091781616211e-01
-9.024531841278076172e-01
-7.431099414825439453e-01
-3.638564050197601318e-01
7.234150767326354980e-01
3.775773048400878906e-01
-1.242052316665649414e+00
-1.803908348083496094e+00
1.281058430671691895e+00
-4.821912348270416260e-01
5.048164129257202148e-01
-6.013857126235961914e-01
-4.940847158432006836e-01
7.899389863014221191e-01
3.092009723186492920e-01
-8.095514774322509766e-01
-1.221920251846313477e+00
-2.456637620925903320e-01
-2.409949451684951782e-01
-1.607960700988769531e+00
-3.453896045684814453e-01
-1.219526052474975586e+00
8.224633932113647461e-01
-1.016123414039611816e+00
5.925623774528503418e-01
1.286339163780212402e+00
-4.350300431251525879e-01
-9.790574312210083008e-01
2.830659151077270508e-01
-6.022816896438598633e-01
1.223369836807250977e+00
-3.274296224117279053e-01
8.476833254098892212e-02
-1.697901964187622070e+00
-3.383589982986450195e-01
4.446651637554168701e-01
2.219179421663284302e-01
1.487571280449628830e-02
8.148915171623229980e-01
1.102456927299499512e+00
7.198642473667860031e-03
1.033364176750183105e+00
-7.343835234642028809e-01
1.042029619216918945e+00
-1.821030378341674805e-01
1.957576125860214233e-01
-8.475977182388305664e-01
-1.079953193664550781e+00
-2.068895399570465088e-01
-1.205452322959899902e+00
1.202620506286621094e+00
3.992655838374048471e-04
1.806295871734619141e+00
-2.442658692598342896e-01
4.312497675418853760e-01
7.083271145820617676e-01
-7.062636017799377441e-01
-2.471282780170440674e-01
-5.617878437042236328e-01
7.193828821182250977e-01
-1.089127063751220703e-01
-7.370380759239196777e-01
7.265426516532897949e-01
-1.406380385160446167e-01
2.788474559783935547e-01
-2.544293180108070374e-02
6.014941930770874023e-01
-1.447776198387145996e+00
3.447989821434020996e-01
-3.502228856086730957e-01
-8.744284510612487793e-02
-6.792654991149902344e-01
-4.274367094039916992e-01
7.649479508399963379e-01
-2.023767232894897461e-01
-8.278762698173522949e-01
3.461618721485137939e-01
4.512907564640045166e-01
2.029326111078262329e-01
3.067713677883148193e-01
-5.799636244773864746e-01
-1.901239514350891113e+00
1.053025484085083008e+00
4.556224942207336426e-01
-2.025572359561920166e-01
2.529513239860534668e-01
4.834923148155212402e-01
1.423318237066268921e-01
-1.348963856697082520e+00
5.760790705680847168e-01
-3.171902894973754883e-01
-1.337892562150955200e-01
-4.902721941471099854e-01
-1.157813072204589844e-01
8.225226998329162598e-01
4.059758782386779785e-01
-1.496709108352661133e+00
1.150511980056762695e+00
1.327505111694335938e-01
-8.658167719841003418e-01
-1.235467553138732910e+00
6.385996341705322266e-01
3.842189610004425049e-01
1.185306668281555176e+00
6.114311814308166504e-01
3.777136206626892090e-01
-9.218421578407287598e-01
-3.311073482036590576e-01
-2.911185026168823242e-01
1.413257867097854614e-01
-6.335462927818298340e-01
1.252470493316650391e+00
-7.689259052276611328e-01
-8.479682356119155884e-02
-4.032762348651885986e-01
1.765334248542785645e+00
3.749669194221496582e-01
2.613222301006317139e-01
-9.531006813049316406e-01
1.071808636188507080e-01
-4.908724427223205566e-01
-4.249362945556640625e-01
-6.518094539642333984e-01
-5.802088975906372070e-01
8.275361657142639160e-01
1.506800651550292969e-01
8.113815188407897949e-01
-6.192152574658393860e-02
-3.121253252029418945e+00
1.126223325729370117e+00
-7.515445351600646973e-01
1.431572675704956055e+00
-1.250433325767517090e+00
3.329760134220123291e-01
1.146315336227416992e+00
1.809597760438919067e-01
-3.807499110698699951e-01
3.336146473884582520e-01
1.037680983543395996e+00
9.011936187744140625e-02
4.033926427364349365e-01
-8.564878106117248535e-01
-9.229664802551269531e-01
-6.836649179458618164e-01
-8.011741191148757935e-02
-6.383416056632995605e-01
-5.830655694007873535e-01
1.254305839538574219e-01
-1.844053745269775391e+00
1.114099025726318359e+00
-1.238670587539672852e+00
1.297091960906982422e+00
-1.041140913963317871e+00
1.013760447502136230e+00
2.399053797125816345e-02
8.269361853599548340e-01
-2.850631773471832275e-01
-1.370162367820739746e+00
1.498430222272872925e-01
-1.001151084899902344e+00
-5.043693780899047852e-01
2.058347165584564209e-01
1.813712596893310547e+00
2.540463507175445557e-01
-8.308297395706176758e-01
-2.520997226238250732e-01
-1.327483654022216797e+00
-1.187641143798828125e+00
-1.519491314888000488e+00
7.269454002380371094e-01
-5.529121756553649902e-01
2.660853862762451172e-01
9.370661377906799316e-01
5.737121701240539551e-01
-4.407045245170593262e-01
-3.476728498935699463e-01
5.577838793396949768e-02
1.402494430541992188e+00
-6.690316200256347656e-01
1.192149877548217773e+00
6.757814288139343262e-01
-7.739797830581665039e-01
2.580993473529815674e-01
-5.072205662727355957e-01
-4.923714101314544678e-01
-1.150650501251220703e+00
-1.728787183761596680e+00
2.636886537075042725e-01
1.552057147026062012e+00
1.570190191268920898e+00
-4.441632702946662903e-02
4.104447364807128906e-01
1.596104264259338379e+00
-8.139220476150512695e-01
-1.321357965469360352e+00
4.002518951892852783e-01
-9.188454151153564453e-01
4.195662140846252441e-01
-8.839555382728576660e-01
1.057120442390441895e+00
-4.102254211902618408e-01
-3.438459038734436035e-01
2.749991714954376221e-01
6.457604169845581055e-01
3.052088022232055664e-01
1.938323974609375000e+00
2.384516643360257149e-03
-1.228907227516174316e+00
-9.252047538757324219e-01
8.839545398950576782e-02
-2.366390675306320190e-01
-8.783661127090454102e-01
1.001607537269592285e+00
1.792740583419799805e+00
2.186859607696533203e+00
1.909114569425582886e-01
-1.269323110580444336e+00
8.992516994476318359e-01
7.350339889526367188e-01
-5.567238330841064453e-01
-1.341647386550903320e+00
-2.335215806961059570e-01
2.194762974977493286e-01
-1.048320531845092773e+00
-7.023214101791381836e-01
9.750384837388992310e-02
-5.957283973693847656e-01
7.276195287704467773e-01
-6.063433289527893066e-01
1.623676180839538574e+00
-6.965076327323913574e-01
-4.902461767196655273e-01
-4.593970775604248047e-01
-3.476654589176177979e-01
4.441494643688201904e-01
2.008938640356063843e-01
-7.283096313476562500e-01
-1.503249049186706543e+00
3.043672144412994385e-01
-4.524873495101928711e-01
-1.788965702056884766e+00
-9.490550495684146881e-03
7.727062702178955078e-02
-8.600884675979614258e-02
1.053280234336853027e+00
-5.635198950767517090e-01
4.861595928668975830e-01
-1.521578073501586914e+00
-7.880154252052307129e-01
8.403622359037399292e-02
-5.926275253295898438e-01
-8.169799447059631348e-01
-1.164897456765174866e-01
-9.034526944160461426e-01
-3.146155178546905518e-01
5.069410204887390137e-01
7.272645831108093262e-01
1.544593930244445801e+00
-1.433935761451721191e+00
-1.874000668525695801e+00
-2.305977821350097656e+00
-1.187779307365417480e+00
-1.308647096157073975e-01
1.359330564737319946e-01
-7.099062800407409668e-01
3.337670564651489258e-01
-1.416729390621185303e-01
-1.866212606430053711e+00
-1.079248666763305664e+00
2.044671913608908653e-03
-6.176723837852478027e-01
-7.105243802070617676e-01
-9.185060262680053711e-01
-5.687694549560546875e-01
1.513495445251464844e-01
-5.263799056410789490e-02
4.256763756275177002e-01
4.568499922752380371e-01
-5.469840168952941895e-01
-3.877056539058685303e-01
6.446560025215148926e-01
-1.097572207450866699e+00
4.616405963897705078e-01
-1.259363651275634766e+00
2.612005770206451416e-01
1.682767868041992188e+00
-1.721739888191223145e+00
1.762798070907592773e+00
-4.108521044254302979e-01
1.357029199600219727e+00
-8.466904759407043457e-01
3.081856667995452881e-01
-7.204560935497283936e-02
-1.435759186744689941e+00
9.632571339607238770e-01
3.505292907357215881e-02
-8.657890558242797852e-01
1.151899918913841248e-01
1.196501255035400391e+00
7.776820063591003418e-01
1.289124727249145508e+00
-1.065939813852310181e-01
6.533640027046203613e-01
1.038627147674560547e+00
-2.260413318872451782e-01
1.099469423294067383e+00
-8.006918430328369141e-01
-7.743234038352966309e-01
-1.974033750593662262e-02
3.114475309848785400e-01
6.345639824867248535e-01
1.107193529605865479e-01
1.066033959388732910e+00
-4.849756360054016113e-01
9.371234178543090820e-01
2.243245124816894531e+00
2.832854390144348145e-01
-5.064406991004943848e-01
-2.718220353126525879e-01
-9.135491251945495605e-01
-8.407054543495178223e-01
7.993472814559936523e-01
3.986928462982177734e-01
-1.499331742525100708e-01
-1.740369915962219238e+00
-1.188448429107666016e+00
1.409252174198627472e-02
-6.535140275955200195e-01
1.414765954017639160e+00
2.361956238746643066e-01
-4.593443870544433594e-02
2.372375279664993286e-01
1.107420086860656738e+00
-6.230701226741075516e-03
2.710556089878082275e-01
3.109851479530334473e-01
1.640369534492492676e+00
-4.928031861782073975e-01
-2.656048238277435303e-01
-4.555187225341796875e-01
-2.780286073684692383e-01
-3.139640092849731445e-01
3.137968480587005615e-01
1.576819419860839844e+00
-1.255911350250244141e+00
-5.447143316268920898e-01
-1.295708775520324707e+00
-6.787720322608947754e-01
-6.268538832664489746e-01
1.742806911468505859e+00
-3.782409057021141052e-02
9.938716888427734375e-01
-2.295915037393569946e-01
1.719050705432891846e-01
1.184266924858093262e+00
1.104824185371398926e+00
2.419436931610107422e+00
4.523089528083801270e-01
1.071535348892211914e+00
-1.391952633857727051e+00
6.343251466751098633e-01
-1.171742320060729980e+00
-1.715196818113327026e-01
-7.319585084915161133e-01
-9.578230232000350952e-02
-5.096554011106491089e-02
-3.615998923778533936e-01
9.394438862800598145e-01
-3.678959906101226807e-01
2.168474048376083374e-01
-8.247945308685302734e-01
1.323938816785812378e-01
-7.756256461143493652e-01
1.051056504249572754e+00
3.228710889816284180e-01
5.184246897697448730e-01
7.260465025901794434e-01
-1.552647829055786133e+00
8.943402171134948730e-01
-5.899528264999389648e-01
-6.858960539102554321e-02
1.580868065357208252e-01
-9.449408650398254395e-01
-3.983716964721679688e-01
-6.460245251655578613e-01
2.100623995065689087e-01
-1.479809761047363281e+00
3.764502406120300293e-01
1.382258296012878418e+00
4.464167356491088867e-01
-7.755478024482727051e-01
-1.096096873283386230e+00
1.403831690549850464e-01
4.286879599094390869e-01
-1.223099589347839355e+00
7.501646876335144043e-01
-8.129326701164245605e-01
2.511171698570251465e-01
3.053983151912689209e-01
-1.302167296409606934e+00
-2.815925180912017822e-01
1.551378369331359863e+00
1.532836079597473145e+00
-1.168559551239013672e+00
1.232291832566261292e-01
4.814427793025970459e-01
5.479924082756042480e-01
-1.171793103218078613e+00
3.947689831256866455e-01
-1.611281991004943848e+00
-7.916872203350067139e-02
-7.858460545539855957e-01
2.689099311828613281e-01
-6.111025810241699219e-01
1.924077153205871582e+00
7.453970909118652344e-01
-4.868965148925781250e-01
1.099692702293395996e+00
-6.604887247085571289e-01
1.580198049545288086e+00
1.298918724060058594e-01
6.972213387489318848e-01
-8.602080345153808594e-01
-2.570900917053222656e+00
5.503090620040893555e-01
-4.142661094665527344e-01
-3.990485668182373047e-01
-2.602790296077728271e-02
-7.280582189559936523e-01
4.575346708297729492e-01
-7.080739736557006836e-02
-6.972814202308654785e-01
-2.015211582183837891e+00
-8.773421049118041992e-01
8.227362483739852905e-02
-9.445379972457885742e-01
3.020527958869934082e-01
-1.969658136367797852e-01
-4.562462866306304932e-01
1.687792539596557617e-01
-9.035165905952453613e-01
5.067323148250579834e-02
-1.735123276710510254e+00
-5.789393186569213867e-01
1.239108920097351074e+00
1.317602097988128662e-01
-9.194570779800415039e-01
-4.965741634368896484e-01
1.647727251052856445e+00
-1.505957990884780884e-01
1.920842170715332031e+00
2.519742548465728760e-01
-1.319651156663894653e-01
7.567390203475952148e-01
4.750010371208190918e-01
-1.608281850814819336e+00
-2.120351195335388184e-01
1.787689328193664551e-01
-3.881577774882316589e-02
6.010341048240661621e-01
4.686869680881500244e-01
-1.631171584129333496e+00
-1.536054760217666626e-01
-7.863738536834716797e-01
5.653174519538879395e-01
2.052150487899780273e+00
-1.842918246984481812e-01
7.119931280612945557e-02
6.464194655418395996e-01
9.632793068885803223e-02
-9.387220740318298340e-01
1.764059424400329590e+00
7.618011236190795898e-01
4.317124187946319580e-01
5.208446979522705078e-01
-1.125957965850830078e+00
1.156589269638061523e+00
7.844175100326538086e-01
3.333064913749694824e-01
-8.765435218811035156e-01
1.030471086502075195e+00
1.441583156585693359e+00
1.132441568188369274e-03
-5.107408761978149414e-01
5.457093715667724609e-01
9.192482829093933105e-01
-3.604164719581604004e-01
-4.310350418090820312e-01
-1.845252066850662231e-01
9.781054854393005371e-01
1.471448689699172974e-01
-1.886966705322265625e+00
1.945353507995605469e+00
1.922479867935180664e+00
4.924084991216659546e-03
1.186957433819770813e-01
1.766802743077278137e-02
-1.037708044052124023e+00
5.484232902526855469e-01
-3.579373359680175781e-01
5.466980338096618652e-01
-2.841589450836181641e-01
-2.236883789300918579e-01
-1.923395991325378418e+00
4.160328507423400879e-01
-1.442299008369445801e+00
5.207428336143493652e-01
-7.675980925559997559e-01
-3.403964936733245850e-01
-3.892956674098968506e-02
-1.123248264193534851e-01
-2.009389549493789673e-01
-5.642552971839904785e-01
-4.175993502140045166e-01
-5.286864638328552246e-01
-2.382961362600326538e-01
2.231711387634277344e+00
-9.170235693454742432e-02
-9.708822965621948242e-01
-9.049682617187500000e-01
1.259275525808334351e-01
-4.391644895076751709e-01
1.186101734638214111e-01
3.758698999881744385e-01
-8.358234167098999023e-02
2.460980555042624474e-03
-8.393206000328063965e-01
4.499299824237823486e-01
-3.333338350057601929e-02
5.963972210884094238e-01
1.924124062061309814e-01
6.231511831283569336e-01
-6.649810820817947388e-02
1.076552987098693848e+00
9.962505847215652466e-02
1.638940721750259399e-01
-4.413212537765502930e-01
-1.043356657028198242e+00
1.337095618247985840e+00
5.240358784794807434e-02
-7.072396874427795410e-01
-1.404067039489746094e+00
7.257084250450134277e-01
7.144907712936401367e-01
2.548468112945556641e-01
6.741477251052856445e-01
1.896639317274093628e-01
-9.761549234390258789e-01
6.768614053726196289e-01
-1.270394206047058105e+00
-7.081099152565002441e-01
8.226193785667419434e-01
-6.590030789375305176e-01
-2.332991123199462891e+00
8.069328665733337402e-01
1.078021883964538574e+00
-7.788897156715393066e-01
7.500827312469482422e-01
-4.966169893741607666e-01
1.199207186698913574e+00
1.461171269416809082e+00
-2.797502279281616211e-01
-1.450357735157012939e-01
6.441434621810913086e-01
-5.421664118766784668e-01
-4.985833466053009033e-01
-1.414903402328491211e+00
7.894120812416076660e-01
-1.115702390670776367e+00
1.670479215681552887e-02
-1.102644681930541992e+00
-9.041224122047424316e-01
2.002757310867309570e+00
-6.954755783081054688e-01
-1.468675017356872559e+00
1.064763188362121582e+00
5.214875936508178711e-01
4.319498240947723389e-01
6.163422465324401855e-01
6.189278960227966309e-01
5.296081304550170898e-01
1.199881136417388916e-01
8.610203117132186890e-02
-1.893323540687561035e+00
-9.766193628311157227e-01
2.155389040708541870e-01
1.492511630058288574e+00
4.366559982299804688e-01
-6.049060821533203125e-01
-8.081933259963989258e-01
-5.770502686500549316e-01
-2.631901025772094727e+00
-1.505143404006958008e+00
1.409008979797363281e+00
-4.622295200824737549e-01
-7.765898704528808594e-01
1.965663284063339233e-01
3.246342763304710388e-02
-1.190546080470085144e-01
-4.516381621360778809e-01
1.112343549728393555e+00
-7.524693608283996582e-01
2.105544328689575195e+00
1.921915292739868164e+00
-1.925574302673339844e+00
-4.828596115112304688e-01
2.576811313629150391e-01
6.367064714431762695e-01
-3.821751773357391357e-01
6.066224575042724609e-01
1.012126088142395020e+00
-5.279979705810546875e-01
-2.151879787445068359e+00
9.793954491615295410e-01
-9.932914972305297852e-01
-4.966043233871459961e-01
-8.482071161270141602e-01
-2.105571478605270386e-01
-4.484744668006896973e-01
-1.111612394452095032e-01
-1.401058584451675415e-01
6.123123764991760254e-01
4.448616206645965576e-01
-1.736159801483154297e+00
4.975365400314331055e-01
-6.814876198768615723e-01
-1.044180750846862793e+00
3.931319415569305420e-01
4.016447365283966064e-01
-2.517204880714416504e-01
-1.053397297859191895e+00
8.355202078819274902e-01
-1.195262968540191650e-01
1.271833300590515137e+00
1.156392335891723633e+00
-8.785450458526611328e-01
9.106270670890808105e-01
-1.115488529205322266e+00
1.109472870826721191e+00
1.529980659484863281e+00
-7.899237424135208130e-02
1.116631865501403809e+00
5.610117316246032715e-01
-1.063422799110412598e+00
-8.993852734565734863e-01
2.233568727970123291e-01
4.262045323848724365e-01
4.799787402153015137e-01
-4.252296686172485352e-01
-7.534020543098449707e-01
1.095468044281005859e+00
-1.928934454917907715e+00
-5.253127589821815491e-02
-2.609837651252746582e-01
7.317851781845092773e-01
-1.422563910484313965e+00
1.179713487625122070e+00
