-2.291683703660964966e-01
9.086060523986816406e-01
-3.063088953495025635e-01
2.757138013839721680e-01
-4.197403192520141602e-01
-1.655207514762878418e+00
-7.812016010284423828e-01
-4.140362739562988281e-01
5.424069762229919434e-01
2.876968085765838623e-01
6.898309104144573212e-03
-7.221276313066482544e-02
-1.034488558769226074e+00
1.308570504188537598e+00
6.948778033256530762e-01
-3.135156929492950439e-01
1.932713866233825684e+00
-1.871278762817382812e+00
-3.244037389755249023e+00
-6.925638914108276367e-01
2.424723863601684570e+00
1.390844881534576416e-01
-1.810042738914489746e+00
1.949243426322937012e+00
-4.797056615352630615e-01
-4.354678392410278320e-01
4.764280617237091064e-01
1.744678020477294922e+00
-3.554252684116363525e-01
1.443783998489379883e+00
8.405784964561462402e-01
-5.273683071136474609e-01
-8.700554072856903076e-02
3.169598579406738281e-01
2.477145433425903320e+00
-9.215931892395019531e-01
1.328315585851669312e-01
4.179186746478080750e-02
-7.655636072158813477e-01
2.946723699569702148e-01
-1.643787026405334473e+00
-6.835660338401794434e-02
-3.426315784454345703e-01
-8.132018446922302246e-01
-1.773711562156677246e+00
3.523711562156677246e-01
-7.047263383865356445e-01
-4.745187163352966309e-01
-3.460672497749328613e-01
-8.369901776313781738e-01
-1.230917572975158691e+00
-1.027807742357254028e-01
1.685104221105575562e-01
6.982790231704711914e-01
-8.117690682411193848e-02
5.592621564865112305e-01
1.017614006996154785e+00
-1.579187214374542236e-01
-5.596311688423156738e-01
9.301569461822509766e-01
-1.091423869132995605e+00
-1.657768249511718750e+00
8.896983861923217773e-01
-1.796739101409912109e+00
-9.225984662771224976e-02
1.834565281867980957e+00
6.104257106781005859e-01
-4.587786197662353516e-01
1.003054857254028320e+00
-1.627454757690429688e+00
1.658617377281188965e+00
1.657176256179809570e+00
-1.026384234428405762e-01
-3.028861582279205322e-01
-5.856835246086120605e-01
9.443705528974533081e-02
6.995170116424560547e-01
-7.606156915426254272e-02
-8.019978404045104980e-01
-8.763791918754577637e-01
7.378506660461425781e-02
6.530954837799072266e-01
2.297897785902023315e-01
-2.847029864788055420e-01
4.956254735589027405e-03
6.972035020589828491e-02
-4.224032163619995117e-01
5.036676526069641113e-01
7.598702907562255859e-01
-1.192383170127868652e+00
-1.480870604515075684e+00
3.212437331676483154e-01
1.550175249576568604e-01
1.057430386543273926e+00
9.695420861244201660e-01
3.477045297622680664e-01
-4.149999022483825684e-01
-4.359081089496612549e-01
7.390097379684448242e-01
-9.695935249328613281e-01
-6.841495037078857422e-01
-5.691826343536376953e-01
1.706760048866271973e+00
-9.458427876234054565e-02
2.841785848140716553e-01
6.713190078735351562e-01
-1.060867905616760254e+00
1.033570915460586548e-01
1.619472384452819824e+00
2.357521504163742065e-01
-8.530637621879577637e-01
9.790351986885070801e-01
-1.800151318311691284e-01
5.666490793228149414e-01
1.667452096939086914e+00
-1.374599575996398926e+00
-1.776054620742797852e+00
8.761480450630187988e-01
-1.838499307632446289e+00
4.466745257377624512e-01
1.478121131658554077e-01
1.677775382995605469e+00
7.373284697532653809e-01
-3.342746794223785400e-01
1.301591634750366211e+00
-4.649591743946075439e-01
-1.301495432853698730e+00
-1.597237825393676758e+00
