-5.828144550323486328e-01
-2.000244855880737305e-01
7.488926649093627930e-01
-8.724169433116912842e-02
-7.787996530532836914e-01
1.042125299572944641e-01
1.728398561477661133e+00
-5.199663043022155762e-01
5.688353180885314941e-01
6.426831483840942383e-01
-2.088159918785095215e-01
-2.785882540047168732e-02
1.358605742454528809e+00
1.184629425406455994e-01
9.107083678245544434e-01
1.110342741012573242e+00
1.178245767951011658e-01
-3.799850046634674072e-01
1.277970433235168457e+00
-3.950694948434829712e-02
9.712125062942504883e-01
4.371766373515129089e-02
2.397165000438690186e-01
-2.208551466464996338e-01
-1.319195508956909180e+00
-7.014198899269104004e-01
1.993367195129394531e+00
1.227699071168899536e-01
-8.792659640312194824e-01
-6.447154879570007324e-01
2.144582748413085938e+00
-1.340322256088256836e+00
-1.587140411138534546e-01
-3.543217182159423828e-01
1.487862169742584229e-01
-1.032516509294509888e-01
-7.731773853302001953e-01
-9.202831983566284180e-01
3.476394712924957275e-01
3.408995568752288818e-01
-1.226268529891967773e+00
-1.720197319984436035e+00
-3.943769261240959167e-02
2.406900562345981598e-02
-9.276954531669616699e-01
-6.446599960327148438e-02
4.254926443099975586e-01
-1.870912313461303711e-01
8.140798807144165039e-01
-5.439043641090393066e-01
1.068372249603271484e+00
2.353407740592956543e-01
-1.573576569557189941e+00
6.176312565803527832e-01
8.237285614013671875e-01
-2.543611824512481689e-01
8.302089571952819824e-02
7.411817312240600586e-01
-2.971552908420562744e-01
6.571133136749267578e-01
8.214452266693115234e-01
-7.255026102066040039e-01
8.872854709625244141e-01
1.603038430213928223e+00
-1.734380364418029785e+00
1.681063771247863770e-01
-1.141993254423141479e-01
4.816886410117149353e-02
1.285948038101196289e+00
-6.954136490821838379e-01
5.989008769392967224e-02
-4.277049601078033447e-01
-9.671218991279602051e-01
-6.716326475143432617e-01
6.675844788551330566e-01
-6.140299439430236816e-01
5.806040763854980469e-01
-3.264585435390472412e-01
1.003188967704772949e+00
-9.316304922103881836e-01
-4.406253993511199951e-01
-1.053359389305114746e+00
-2.312494516372680664e+00
-2.744797945022583008e+00
1.595080256462097168e+00
7.809571027755737305e-01
8.547527194023132324e-01
-4.219358563423156738e-01
5.308400839567184448e-02
-1.506753861904144287e-01
-2.508001923561096191e-01
1.197477802634239197e-03
-7.715560793876647949e-01
-7.376652956008911133e-01
-1.015271902084350586e+00
-4.627608358860015869e-01
7.036642432212829590e-01
1.751922667026519775e-01
6.247561573982238770e-01
2.580293416976928711e-01
4.342432692646980286e-02
2.456629037857055664e+00
4.358435049653053284e-02
3.711047172546386719e-01
-7.361361384391784668e-01
-1.268382430076599121e+00
-6.240546703338623047e-01
-6.218594312667846680e-01
-4.542148672044277191e-03
-7.682747244834899902e-01
-6.804095953702926636e-02
-5.934080481529235840e-02
-9.921967387199401855e-01
-5.264492630958557129e-01
5.844042301177978516e-01
-5.003692954778671265e-02
-9.564829617738723755e-02
-1.002109050750732422e+00
-3.520835563540458679e-02
-5.633442997932434082e-01
3.021258831024169922e+00
6.395337730646133423e-02
-2.590170502662658691e-01
4.075899422168731689e-01
3.450174927711486816e-01
-8.504242449998855591e-02
-1.833063364028930664e-01
1.121981501579284668e+00
-2.376432344317436218e-02
1.357061147689819336e+00
-4.859603568911552429e-02
-6.507894992828369141e-01
2.100867480039596558e-01
-1.053804993629455566e+00
4.428270161151885986e-01
-8.432915806770324707e-01
-6.535731256008148193e-02
1.338023245334625244e-01
2.322889566421508789e-01
3.472895622253417969e-01
-1.948854774236679077e-01
-1.754589527845382690e-01
1.245627626776695251e-01
8.056864738464355469e-01
-9.969250112771987915e-02
9.624062776565551758e-01
-7.902920246124267578e-01
1.850909233093261719e+00
-1.983890891075134277e+00
-8.142662048339843750e-02
-1.326615810394287109e+00
6.547134518623352051e-01
5.865328311920166016e-01
-1.402524299919605255e-02
-1.067988991737365723e+00
1.307007670402526855e+00
1.372359842061996460e-01
3.322508037090301514e-01
5.879739522933959961e-01
-2.530237138271331787e-01
-5.495405197143554688e-01
4.714771211147308350e-01
-5.140549540519714355e-01
-5.561532378196716309e-01
-4.704680740833282471e-01
8.295616507530212402e-02
-1.789049386978149414e+00
1.679065346717834473e+00
8.080282807350158691e-01
-9.095765948295593262e-01
-1.108393549919128418e+00
1.070867896080017090e+00
1.398374319076538086e+00
-1.466158270835876465e+00
6.973952054977416992e-01
1.080946326255798340e+00
5.080646835267543793e-03
-3.589969277381896973e-01
8.656094670295715332e-01
9.250441789627075195e-01
-9.560461044311523438e-01
7.618453353643417358e-02
-1.316377639770507812e+00
8.629864454269409180e-02
7.460926175117492676e-01
1.214033007621765137e+00
9.204033017158508301e-01
-4.917982816696166992e-01
-5.828279852867126465e-01
-1.390496641397476196e-01
-1.075479865074157715e+00
-1.516482472419738770e+00
1.143211364746093750e+00
-8.451620340347290039e-01
1.021485924720764160e+00
-1.366413235664367676e+00
1.259017944335937500e+00
3.772547245025634766e-01
-5.436525493860244751e-02
1.265588760375976562e+00
-1.757580995559692383e+00
4.536706805229187012e-01
-8.298817873001098633e-01
1.104688882827758789e+00
4.167739748954772949e-01
5.799381732940673828e-01
-1.798148304224014282e-01
-7.548852562904357910e-01
-2.073933780193328857e-01
-2.337889909744262695e+00
-1.351697593927383423e-01
9.930736422538757324e-01
-1.041704043745994568e-01
-3.674676418304443359e-01
-2.854585349559783936e-01
-5.130928158760070801e-01
1.722926616668701172e+00
3.515262305736541748e-01
-1.407861590385437012e+00
3.004414141178131104e-01
6.461313962936401367e-01
-3.513498930260539055e-03
-2.036079883575439453e+00
-7.643878459930419922e-03
-1.117630243301391602e+00
-3.177672326564788818e-01
-1.150335550308227539e+00
-6.205807924270629883e-01
-1.596834421157836914e+00
-6.705544590950012207e-01
-8.927195519208908081e-02
4.122741818428039551e-01
7.096563577651977539e-01
1.835915088653564453e+00
8.144676089286804199e-01
1.847960114479064941e+00
-2.935466051101684570e+00
-1.075586080551147461e+00
-1.278999686241149902e+00
-1.107438564300537109e+00
6.414254903793334961e-01
8.628383874893188477e-01
-7.720167189836502075e-02
3.045335114002227783e-01
-4.209313541650772095e-02
-2.554545402526855469e-01
-1.432392477989196777e+00
-1.879798293113708496e+00
8.761448264122009277e-01
-5.056895613670349121e-01
-1.344330608844757080e-01
2.095441818237304688e-01
5.286566615104675293e-01
-7.324967384338378906e-01
-8.985241651535034180e-01
-6.395015120506286621e-02
9.437150359153747559e-01
1.083168268203735352e+00
-3.416483402252197266e-01
7.156488299369812012e-01
1.175871968269348145e+00
-1.661922037601470947e-01
-1.772829294204711914e+00
-3.178157806396484375e-01
5.413900017738342285e-01
-7.311128973960876465e-01
3.125140964984893799e-01
7.976695895195007324e-01
7.463361620903015137e-01
1.142401576042175293e+00
1.092210412025451660e+00
-8.372105360031127930e-01
8.223044872283935547e-01
-5.344475507736206055e-01
-5.158849358558654785e-01
1.279852509498596191e+00
-1.220022320747375488e+00
-2.065507918596267700e-01
-2.616854906082153320e-01
1.060163259506225586e+00
-4.245306253433227539e-01
6.347929239273071289e-01
1.347391366958618164e+00
-9.956520199775695801e-01
2.678133249282836914e-01
-8.744374513626098633e-01
9.803321361541748047e-01
-3.162651062011718750e+00
5.475701019167900085e-02
-8.657605648040771484e-01
1.018282055854797363e+00
-3.108807504177093506e-01
3.905842602252960205e-01
1.349257946014404297e+00
3.347859680652618408e-01
-4.264613389968872070e-01
-2.325005292892456055e+00
-9.363395720720291138e-02
-7.545613050460815430e-01
1.269763350486755371e+00
-1.188631892204284668e+00
-5.191020965576171875e-01
3.597689568996429443e-01
-4.227698966860771179e-02
-1.132278814911842346e-01
1.478990674018859863e+00
6.589122414588928223e-01
-2.029941797256469727e+00
-2.999594688415527344e+00
-6.229978799819946289e-01
7.472962737083435059e-01
7.400692254304885864e-02
-6.154323741793632507e-02
-7.805419564247131348e-01
-1.475267112255096436e-01
-6.250618100166320801e-01
-6.373808979988098145e-01
-9.761799871921539307e-02
6.123682260513305664e-01
9.562667012214660645e-01
-1.296918392181396484e-01
-5.033080577850341797e-01
-1.849731564521789551e+00
-2.758307456970214844e-01
-9.365741610527038574e-01
5.663526654243469238e-01
2.212468981742858887e-01
3.853932023048400879e-01
-2.736316621303558350e-01
-1.146652221679687500e+00
-9.739651679992675781e-01
1.245804786682128906e+00
-1.124425768852233887e+00
1.152408003807067871e+00
-7.412511110305786133e-01
1.893189698457717896e-01
-4.683423936367034912e-01
1.105113148689270020e+00
-9.751924127340316772e-02
6.675325036048889160e-01
-8.100041747093200684e-01
1.216693997383117676e+00
1.527084708213806152e+00
-5.875980854034423828e-01
-2.750779092311859131e-01
-8.655948936939239502e-02
-1.639804005622863770e+00
-3.938548266887664795e-01
-5.868942290544509888e-02
-6.971738338470458984e-01
2.449781298637390137e-01
-1.572738885879516602e-01
1.402701020240783691e+00
-4.137103855609893799e-01
-1.341311573982238770e+00
-8.629357218742370605e-01
2.814446687698364258e-01
1.304382205009460449e+00
8.273113369941711426e-01
1.238994956016540527e+00
5.511814355850219727e-01
-1.366716474294662476e-01
-9.711661338806152344e-01
5.598585009574890137e-01
-1.023889660835266113e+00
1.822109103202819824e+00
-5.013321042060852051e-01
-1.282437920570373535e+00
9.374678134918212891e-01
-4.521817266941070557e-01
1.672586798667907715e+00
1.896542310714721680e-01
1.908265948295593262e+00
-6.882511973381042480e-01
-5.639007091522216797e-01
-8.749613165855407715e-02
-8.053314089775085449e-01
3.960511088371276855e-01
8.909389972686767578e-01
-8.827036023139953613e-01
1.063977241516113281e+00
-1.969050914049148560e-01
7.792006134986877441e-01
6.329697370529174805e-01
2.830210924148559570e-01
1.950990855693817139e-01
-4.232011735439300537e-01
-1.742805719375610352e+00
1.450635492801666260e-01
1.167036294937133789e+00
-2.938309609889984131e-01
1.186256706714630127e-01
-8.837985992431640625e-01
5.691545009613037109e-01
-8.233453035354614258e-01
4.761156812310218811e-02
6.240752935409545898e-01
1.680745840072631836e+00
3.833441138267517090e-01
2.360583692789077759e-01
6.709859967231750488e-01
-1.278307735919952393e-01
-6.821482777595520020e-01
8.007535934448242188e-01
-1.722242355346679688e+00
-3.217387199401855469e-01
7.931855320930480957e-01
1.201736688613891602e+00
1.765025615692138672e+00
2.881407737731933594e-03
1.391336560249328613e+00
1.705106794834136963e-01
1.180261969566345215e-01
5.578562021255493164e-01
1.025164723396301270e+00
1.823699593544006348e+00
-7.176454663276672363e-01
2.554033100605010986e-01
-4.367174804210662842e-01
-1.293630957603454590e+00
-6.006654500961303711e-01
-9.995676875114440918e-01
3.785445094108581543e-01
-1.629559695720672607e-01
-4.396153092384338379e-01
-1.383230447769165039e+00
6.892833709716796875e-01
-2.031966209411621094e+00
7.704870700836181641e-01
-9.852451682090759277e-01
8.505194634199142456e-02
-1.348330497741699219e+00
-1.518014550209045410e+00
-2.457180917263031006e-01
-4.505902528762817383e-01
3.513353466987609863e-01
2.224038988351821899e-01
-8.558163046836853027e-01
-1.976082921028137207e-01
-1.185616850852966309e+00
1.598117470741271973e+00
5.383529886603355408e-02
1.439296722412109375e+00
2.548817396163940430e-01
1.609094619750976562e+00
1.178764939308166504e+00
7.727735042572021484e-01
-1.267381906509399414e+00
-1.060068726539611816e+00
-1.218030333518981934e+00
-1.125922679901123047e+00
8.642944693565368652e-01
-1.380853772163391113e+00
-1.665376067161560059e+00
2.867633104324340820e-01
-2.214375324547290802e-02
-1.901474446058273315e-01
3.575306534767150879e-01
1.664105296134948730e+00
-6.945406645536422729e-02
8.535479307174682617e-01
3.440589010715484619e-01
-4.980205595493316650e-01
-1.189686775207519531e+00
4.849114120006561279e-01
-5.246913433074951172e-01
-5.287732928991317749e-02
2.846285700798034668e-01
5.304692983627319336e-01
-1.560700416564941406e+00
1.768550634384155273e+00
4.315258860588073730e-01
4.941913858056068420e-02
-4.790489673614501953e-01
-1.033225774765014648e+00
-6.417499184608459473e-01
-6.419507265090942383e-01
6.886690855026245117e-01
9.235577583312988281e-01
-8.235508799552917480e-01
-1.120342612266540527e-01
7.125105261802673340e-01
-2.921112999320030212e-02
-2.488418370485305786e-01
-3.012793064117431641e-01
-1.975633800029754639e-01
5.829039216041564941e-01
1.626918166875839233e-01
-3.982412815093994141e-01
-1.277787446975708008e+00
-1.273488283157348633e+00
-7.740854024887084961e-01
5.658321976661682129e-01
6.372826695442199707e-01
3.756341040134429932e-01
1.365739703178405762e-01
-6.948413699865341187e-02
1.612274169921875000e+00
-4.222369194030761719e-01
1.288683116436004639e-01
1.810169965028762817e-02
-7.941073179244995117e-01
-5.393071174621582031e-01
-5.387626886367797852e-01
-7.634556293487548828e-01
-1.132254362106323242e+00
-3.651156723499298096e-01
-1.089552760124206543e+00
-1.311434149742126465e+00
3.021452426910400391e-01
2.669271826744079590e-01
3.998908102512359619e-01
-2.167952507734298706e-01
5.145815014839172363e-01
-7.362297177314758301e-01
-1.299179077148437500e+00
6.446617245674133301e-01
-3.406789600849151611e-01
1.194229423999786377e-01
-1.095893085002899170e-01
3.022971153259277344e-01
-3.698498755693435669e-02
1.899479627609252930e-01
1.679204106330871582e-01
-1.134387731552124023e+00
1.865267753601074219e+00
5.024418830871582031e-01
1.165866971015930176e+00
3.834575116634368896e-01
1.379287362098693848e+00
-2.223296016454696655e-01
9.415825605392456055e-01
-1.410221338272094727e+00
6.195389032363891602e-01
-1.337285399436950684e+00
-6.737945079803466797e-01
-2.936507165431976318e-01
3.471393287181854248e-01
-2.675752341747283936e-01
-6.039206683635711670e-02
8.150020241737365723e-01
-4.138888791203498840e-02
9.804123044013977051e-01
-7.851836085319519043e-01
6.286846995353698730e-01
-1.002674698829650879e+00
1.250190854072570801e+00
8.279253542423248291e-02
1.593018472194671631e-01
8.227540254592895508e-01
-8.140066266059875488e-01
-5.715624094009399414e-01
-6.403168439865112305e-01
-8.581793308258056641e-01
1.840628385543823242e-01
-5.892846584320068359e-01
-8.126233518123626709e-02
3.579663932323455811e-01
1.015552878379821777e+00
-7.182479500770568848e-01
-8.631023764610290527e-01
-8.068696856498718262e-01
2.784382998943328857e-01
-2.099822759628295898e+00
-6.836906075477600098e-01
2.444375492632389069e-02
7.353199720382690430e-01
6.457504630088806152e-01
-1.611582636833190918e+00
-7.349669337272644043e-01
9.658561348915100098e-01
1.078663542866706848e-01
-1.339379549026489258e+00
-1.175461888313293457e+00
4.771311581134796143e-01
2.792105078697204590e-01
6.153049468994140625e-01
-1.037421002984046936e-01
-1.484650254249572754e+00
-1.993420869112014771e-01
-4.680189192295074463e-01
-3.142587244510650635e-01
1.692017316818237305e+00
-5.092563629150390625e-01
5.598344206809997559e-01
2.760176360607147217e-01
-4.578733146190643311e-01
-5.535742044448852539e-01
2.176250219345092773e-01
-2.082492351531982422e+00
-4.768748879432678223e-01
-4.149464368820190430e-01
-2.088283538818359375e+00
4.888921082019805908e-01
1.316055893898010254e+00
-6.981138586997985840e-01
5.199809074401855469e-01
1.668128013610839844e+00
1.237688660621643066e+00
-7.847281545400619507e-02
1.335452675819396973e+00
-1.415666699409484863e+00
-1.082300662994384766e+00
7.387255430221557617e-01
-1.260538935661315918e+00
-1.045130968093872070e+00
-5.855689048767089844e-01
-6.062565445899963379e-01
1.674414426088333130e-01
9.291372895240783691e-01
7.404092550277709961e-01
-4.501668810844421387e-01
4.667247235774993896e-01
-2.561339735984802246e-01
2.491302967071533203e+00
-3.319620490074157715e-01
-3.323332965373992920e-01
9.176007509231567383e-01
5.213360115885734558e-02
9.762328863143920898e-01
-5.543915629386901855e-01
4.529353082180023193e-01
-4.136134088039398193e-01
-1.157488822937011719e+00
1.215549349784851074e+00
2.157184600830078125e+00
1.124581813812255859e+00
2.741425111889839172e-02
1.035810708999633789e+00
1.071665048599243164e+00
-1.385503768920898438e+00
7.090021967887878418e-01
3.677628636360168457e-01
-1.617880702018737793e+00
-3.548593521118164062e-01
-6.452809274196624756e-02
1.247889995574951172e-01
1.433494836091995239e-01
-5.288625881075859070e-02
-1.018913030624389648e+00
1.003535389900207520e+00
2.575197815895080566e-01
4.110884070396423340e-01
1.603972554206848145e+00
6.056789159774780273e-01
-2.345591336488723755e-01
-3.140226602554321289e-01
-3.405710160732269287e-01
1.088115334510803223e+00
7.861841917037963867e-01
1.138359069824218750e+00
7.478725314140319824e-01
1.223760321736335754e-01
-2.319880127906799316e-01
2.142888754606246948e-01
6.594052910804748535e-01
-4.947644770145416260e-01
-1.539141774177551270e+00
-2.642315924167633057e-01
1.496793985366821289e+00
-6.013237833976745605e-01
-1.235612630844116211e-01
-1.404018163681030273e+00
-1.062598466873168945e+00
-5.116058886051177979e-02
-2.760758697986602783e-01
-7.675896883010864258e-01
-2.768167257308959961e-01
-7.998929917812347412e-02
-2.429920583963394165e-01
-6.491494178771972656e-01
-6.831475496292114258e-01
1.628537178039550781e-01
-6.299424767494201660e-01
2.811723649501800537e-01
2.132420055568218231e-02
6.070468425750732422e-01
1.600188165903091431e-01
8.155874013900756836e-01
2.260160684585571289e+00
4.044725298881530762e-01
-2.387521229684352875e-02
1.115297794342041016e+00
-1.489386081695556641e+00
-1.619656682014465332e-01
-1.009034156799316406e+00
5.910021662712097168e-01
-2.072976976633071899e-01
-5.369093418121337891e-01
-1.016890406608581543e+00
-9.211155176162719727e-01
-3.757616877555847168e-01
-5.254176259040832520e-01
-4.017569720745086670e-01
3.403427004814147949e-01
-1.003028154373168945e+00
-2.729247510433197021e-01
3.001651763916015625e-01
-8.847493529319763184e-01
1.646383285522460938e+00
-1.166519284248352051e+00
1.332778811454772949e+00
-2.088066935539245605e-01
-2.337712764739990234e+00
-3.099383413791656494e-01
-1.626100540161132812e-01
-5.452204942703247070e-01
-8.041862249374389648e-01
8.360393643379211426e-01
-1.323668479919433594e+00
-9.297084212303161621e-01
1.736684322357177734e+00
5.395408272743225098e-01
1.152239441871643066e+00
6.732145547866821289e-01
1.479659318923950195e+00
1.523887872695922852e+00
5.498381257057189941e-01
-7.664113640785217285e-01
-3.201500698924064636e-02
1.393285989761352539e+00
-2.710831165313720703e-02
-7.514436244964599609e-01
3.437306582927703857e-01
9.950236678123474121e-01
5.742596983909606934e-01
6.802229285240173340e-01
2.301490753889083862e-01
1.232776284217834473e+00
-9.847151637077331543e-01
-1.646331250667572021e-01
9.603735804557800293e-02
-8.998675942420959473e-01
-1.172253340482711792e-01
5.910682082176208496e-01
9.434377551078796387e-01
1.091859564185142517e-01
-8.064849972724914551e-01
-2.643712162971496582e-01
2.252065181732177734e+00
-4.946588873863220215e-01
3.346730768680572510e-01
1.043106436729431152e+00
1.952666878700256348e+00
-5.515005812048912048e-02
-1.263351440429687500e+00
-1.591914445161819458e-01
-1.797857999801635742e+00
1.264171719551086426e+00
9.196090698242187500e-01
-1.433967351913452148e+00
7.009987533092498779e-02
-5.396674871444702148e-01
1.265028119087219238e+00
-4.710842669010162354e-01
-5.892831087112426758e-01
1.056057095527648926e+00
-1.361354231834411621e+00
-1.700221300125122070e+00
4.454934000968933105e-01
2.043300867080688477e+00
-6.256456971168518066e-01
8.110499978065490723e-01
2.028302431106567383e+00
-1.524417042732238770e+00
-1.140440225601196289e+00
3.871009051799774170e-01
-1.028957009315490723e+00
3.888876363635063171e-02
3.012187182903289795e-01
4.557376354932785034e-02
-5.851547122001647949e-01
1.627026796340942383e+00
-1.160147309303283691e+00
8.928336203098297119e-02
-1.387879014015197754e+00
1.622219800949096680e+00
9.845194220542907715e-01
4.199958965182304382e-02
-7.080830633640289307e-02
1.362504482269287109e+00
4.301054179668426514e-01
-2.979679405689239502e-01
-2.736052274703979492e-01
9.320468455553054810e-02
2.004244364798069000e-02
1.034386530518531799e-01
-5.115287899971008301e-01
1.602892398834228516e+00
4.778799116611480713e-01
-6.647038459777832031e-01
2.151370525360107422e+00
-4.684469848871231079e-02
-7.800808176398277283e-03
4.087131321430206299e-01
2.934480607509613037e-01
1.162569642066955566e+00
-1.231173992156982422e+00
5.151986479759216309e-01
-1.455774664878845215e+00
-1.913968622684478760e-01
5.040495395660400391e-01
-5.094264149665832520e-01
-4.100747406482696533e-01
-9.732243418693542480e-01
-3.738466799259185791e-01
1.765191316604614258e+00
2.608681619167327881e-01
2.168027400970458984e+00
-1.577253043651580811e-01
-2.467843741178512573e-01
9.521971344947814941e-01
-4.557620286941528320e-01
-3.544507026672363281e-01
-6.226972118020057678e-02
-7.367804646492004395e-01
-3.688684105873107910e-01
-1.580214381217956543e+00
-1.363819718360900879e+00
2.426303327083587646e-01
-6.641737818717956543e-01
3.310899734497070312e-01
9.051621556282043457e-01
-9.822648018598556519e-02
1.842448592185974121e+00
1.546702831983566284e-01
1.729466021060943604e-01
5.627515912055969238e-01
9.056445360183715820e-01
-4.956913590431213379e-01
-3.098327219486236572e-01
1.693910598754882812e+00
1.506531357765197754e+00
-1.432664871215820312e+00
-1.088989496231079102e+00
6.739323139190673828e-01
6.655722111463546753e-02
1.259128004312515259e-01
5.524001121520996094e-01
-2.254510223865509033e-01
3.743520677089691162e-01
-8.857951164245605469e-01
-3.044503033161163330e-01
-8.509378135204315186e-02
1.472096145153045654e-01
-1.095794677734375000e+00
-4.561426043510437012e-01
-1.453155994415283203e+00
1.455342054367065430e+00
-9.275955557823181152e-01
-7.717203497886657715e-01
2.665079534053802490e-01
-3.481621742248535156e-01
1.114958003163337708e-01
-1.127101182937622070e-01
-1.135266721248626709e-01
-1.437696218490600586e+00
4.787974357604980469e-01
-1.011166930198669434e+00
7.502379417419433594e-01
4.400576278567314148e-02
-6.711220145225524902e-01
4.172710776329040527e-01
2.449188828468322754e-01
-6.139414310455322266e-01
3.169999122619628906e-01
-5.733290314674377441e-01
8.962085247039794922e-01
4.001537263393402100e-01
-4.314975440502166748e-01
1.365767002105712891e+00
-6.009058952331542969e-01
-1.418619632720947266e+00
4.633501172065734863e-01
-6.677761077880859375e-01
2.429531812667846680e-01
1.294562578201293945e+00
5.507776737213134766e-01
-1.487020134925842285e+00
-1.819720149040222168e+00
-6.306654810905456543e-01
3.108453452587127686e-01
-1.758840799331665039e+00
1.022029593586921692e-01
5.522342771291732788e-02
-2.000341424718499184e-03
9.487558603286743164e-01
-3.427401781082153320e-01
4.479079321026802063e-02
-1.049307107925415039e+00
7.719709873199462891e-01
-6.732364296913146973e-01
-8.716943860054016113e-01
1.973116770386695862e-02
-1.374662816524505615e-01
5.228182077407836914e-01
-1.067884206771850586e+00
-1.433908581733703613e+00
-1.169074058532714844e+00
1.301832348108291626e-01
-1.422144412994384766e+00
-1.652081310749053955e-02
-1.583536863327026367e-01
5.388018861413002014e-02
-5.312167406082153320e-01
2.080443203449249268e-01
2.253752052783966064e-01
-1.128103733062744141e+00
1.001855015754699707e+00
1.600530385971069336e+00
4.954319894313812256e-01
2.515616178512573242e+00
1.264881640672683716e-01
-7.051755189895629883e-01
6.135200336575508118e-02
-5.973947644233703613e-01
-1.484284520149230957e+00
1.594712138175964355e-01
-1.529287248849868774e-01
1.020308256149291992e+00
9.623684734106063843e-02
-1.404437184333801270e+00
-9.036000967025756836e-01
-1.903827935457229614e-01
2.150122672319412231e-01
-2.829461395740509033e-01
-6.935290694236755371e-01
1.050575003027915955e-01
2.158428281545639038e-01
1.193070888519287109e+00
1.176409870386123657e-01
1.556808471679687500e+00
2.254527568817138672e+00
9.708659648895263672e-01
5.751452445983886719e-01
-8.069852590560913086e-01
-4.885266423225402832e-01
-2.051576822996139526e-01
-4.381807148456573486e-01
-1.661402225494384766e+00
9.620947837829589844e-01
-4.307553917169570923e-02
-4.156565368175506592e-01
3.655909895896911621e-01
9.574552178382873535e-01
-5.050508677959442139e-02
-9.789336323738098145e-01
1.656217336654663086e+00
8.799301385879516602e-01
1.329714804887771606e-01
-2.002167403697967529e-01
-9.424386620521545410e-01
1.117976531386375427e-01
5.949274897575378418e-01
-2.651996374130249023e+00
-3.125520050525665283e-01
-2.657549083232879639e-01
-7.847209572792053223e-01
7.701931595802307129e-01
-9.635604172945022583e-02
2.041295170783996582e-01
-2.431171387434005737e-01
-7.964479923248291016e-01
-1.359618544578552246e+00
-1.927047133445739746e+00
-7.630370259284973145e-01
-5.449437499046325684e-01
-7.447220087051391602e-01
4.823229014873504639e-01
5.711215734481811523e-01
-1.210136771202087402e+00
-1.232649087905883789e+00
-3.352404236793518066e-01
-1.200618624687194824e+00
-5.872121453285217285e-01
-1.858173131942749023e+00
1.050539135932922363e+00
-1.218607783317565918e+00
1.477961540222167969e+00
8.276915550231933594e-01
1.959445714950561523e+00
3.428285121917724609e-01
-2.896688282489776611e-01
1.717717051506042480e-01
-6.506714224815368652e-02
-1.501555442810058594e+00
-1.940135717391967773e+00
8.983079791069030762e-01
1.173816323280334473e+00
6.986119598150253296e-02
5.014192461967468262e-01
-5.397247076034545898e-01
5.673097968101501465e-01
3.147318959236145020e-01
1.946398168802261353e-01
9.700278043746948242e-01
-4.152828156948089600e-01
-1.916570514440536499e-01
3.128392696380615234e-01
-1.221418976783752441e+00
