5.162569284439086914e-01
-9.145858883857727051e-01
4.668672382831573486e-01
-2.132029272615909576e-02
4.218498468399047852e-01
-1.173405528068542480e+00
-9.543980956077575684e-01
5.992594361305236816e-01
-4.815934598445892334e-01
6.048108637332916260e-02
4.946844577789306641e-01
-2.460594654083251953e+00
1.007768630981445312e+00
1.106216669082641602e+00
3.969398140907287598e-01
6.885836720466613770e-01
1.459404528141021729e-01
1.179858565330505371e+00
-1.234164834022521973e+00
-7.736173272132873535e-01
-2.504103779792785645e-01
-1.771979928016662598e+00
1.031065464019775391e+00
4.054841399192810059e-01
-1.690584540367126465e+00
3.588870763778686523e-01
-1.423364877700805664e-01
3.801326453685760498e-01
1.596069931983947754e-01
1.768282532691955566e+00
8.209656924009323120e-02
-8.538495302200317383e-01
-1.621019095182418823e-01
-3.350175321102142334e-01
-1.080178618431091309e+00
-1.006610274314880371e+00
-7.737091183662414551e-01
-1.830047816038131714e-01
-1.372969269752502441e+00
-1.505144596099853516e+00
1.817915916442871094e+00
-5.934962630271911621e-01
-6.086069941520690918e-01
1.584236621856689453e+00
3.366752266883850098e-01
-7.467645406723022461e-02
1.220091104507446289e+00
-1.001195907592773438e+00
8.174528479576110840e-01
-1.128414511680603027e+00
3.273039758205413818e-01
5.827685594558715820e-01
1.349083304405212402e+00
1.434838026762008667e-01
9.972049854695796967e-03
1.256594061851501465e-01
-1.845715165138244629e+00
3.032053112983703613e-01
-9.851202368736267090e-02
-3.307400047779083252e-01
1.203004002571105957e+00
3.036009371280670166e-01
-1.577728867530822754e+00
-8.190271258354187012e-01
-9.994081854820251465e-01
1.113465148955583572e-02
1.081474304199218750e+00
7.783839106559753418e-02
-6.035109981894493103e-02
-4.506396129727363586e-03
3.602326810359954834e-01
8.527362346649169922e-01
-1.377534866333007812e+00
-4.041634500026702881e-01
-1.284354090690612793e+00
1.121791005134582520e+00
2.341782003641128540e-01
1.265010237693786621e+00
2.258890867233276367e+00
-8.552839756011962891e-01
1.126682281494140625e+00
5.262883305549621582e-01
8.341171741485595703e-01
-1.005800127983093262e+00
1.300968408584594727e+00
4.030466973781585693e-01
-8.568823337554931641e-01
-5.505496859550476074e-01
1.264699578285217285e+00
-5.609673261642456055e-01
8.092413544654846191e-01
-1.553533077239990234e+00
-1.673533082008361816e+00
3.539021313190460205e-01
1.672659814357757568e-01
-9.654155373573303223e-01
5.722319483757019043e-01
5.626958012580871582e-01
1.764720082283020020e+00
3.975922763347625732e-01
7.992055416107177734e-01
-2.166064456105232239e-03
-1.135938525199890137e+00
-7.003548145294189453e-01
-4.418762028217315674e-01
-1.804636597633361816e+00
1.143083930015563965e+00
-8.469325900077819824e-01
4.283507764339447021e-01
-6.824485957622528076e-02
-5.228689908981323242e-01
-3.290845751762390137e-01
-1.238649606704711914e+00
1.569256424903869629e+00
-1.000223517417907715e+00
1.971877098083496094e+00
-1.124738216400146484e+00
-3.750339448451995850e-01
-7.397952675819396973e-02
5.987721681594848633e-01
-4.490838646888732910e-01
-8.088774681091308594e-01
-4.770704507827758789e-01
-2.498452365398406982e-01
8.045307397842407227e-01
2.298310697078704834e-01
3.730760216712951660e-01
1.443405270576477051e+00
1.393356442451477051e+00
-1.378739774227142334e-01
8.512965440750122070e-01
-9.883780479431152344e-01
1.109047889709472656e+00
1.432626992464065552e-01
-1.179079532623291016e+00
-1.159093856811523438e+00
-5.280722379684448242e-01
2.883931696414947510e-01
4.039188846945762634e-02
5.339472293853759766e-01
2.345320731401443481e-01
-1.072978854179382324e+00
-1.946348071098327637e+00
1.087144255638122559e+00
-1.143999099731445312e+00
1.044800043106079102e+00
-1.077221155166625977e+00
4.538194537162780762e-01
3.206227421760559082e-01
-1.424864381551742554e-01
1.368976712226867676e+00
-1.284469813108444214e-01
3.518595695495605469e-01
-8.378950953483581543e-01
-7.630130648612976074e-02
-3.570521250367164612e-02
-2.004917412996292114e-01
6.935383677482604980e-01
-1.325217962265014648e+00
-6.012846231460571289e-01
-6.829205751419067383e-01
1.612390637397766113e+00
1.221774697303771973e+00
5.836537480354309082e-01
1.456632763147354126e-01
3.531989753246307373e-01
-2.038664817810058594e+00
-5.332725644111633301e-01
-1.459495306015014648e+00
1.109599113464355469e+00
6.091843917965888977e-02
2.600686550140380859e-01
6.957418471574783325e-02
1.137192487716674805e+00
1.351399540901184082e+00
-4.807755351066589355e-01
-2.046081542968750000e+00
5.682275295257568359e-01
-2.862958014011383057e-01
-8.817598968744277954e-02
5.826036930084228516e-01
1.857026338577270508e+00
-6.865662932395935059e-01
-1.698903739452362061e-01
-9.450356364250183105e-01
-7.181968092918395996e-01
-5.717887878417968750e-01
-6.396021842956542969e-01
-4.181843400001525879e-01
-4.848444461822509766e-01
4.809216856956481934e-01
-5.135284066200256348e-01
-1.536624670028686523e+00
3.426066040992736816e-01
-1.609386563301086426e+00
-4.810586869716644287e-01
-8.555450439453125000e-01
2.207107096910476685e-01
1.704148173332214355e+00
-1.020031213760375977e+00
2.916419506072998047e-01
3.418998792767524719e-02
-1.984506368637084961e+00
-6.651787161827087402e-01
-1.256134957075119019e-01
3.281033933162689209e-01
5.112174153327941895e-01
1.456121087074279785e+00
-3.293639048933982849e-02
8.902840316295623779e-02
-6.571932435035705566e-01
-1.801933169364929199e+00
1.359556674957275391e+00
2.445456087589263916e-01
-1.385710686445236206e-01
-7.622850537300109863e-01
-5.366314649581909180e-01
-1.009143471717834473e+00
7.538511157035827637e-01
1.363216340541839600e-01
-2.923658192157745361e-01
-2.023246139287948608e-01
3.644415140151977539e-01
-8.617622256278991699e-01
4.459384083747863770e-01
9.293252602219581604e-03
1.098238110542297363e+00
4.309681355953216553e-01
-4.094447791576385498e-01
-9.390607476234436035e-02
-3.457010388374328613e-01
-1.337941884994506836e+00
1.183656215667724609e+00
8.954728245735168457e-01
-1.487351655960083008e-01
-3.597433567047119141e-01
-2.687045633792877197e-01
-2.075361311435699463e-01
-7.002369761466979980e-01
3.152924478054046631e-01
-3.343380689620971680e-01
6.913544535636901855e-01
1.019461750984191895e+00
7.809882164001464844e-01
-5.108968019485473633e-01
1.836886107921600342e-01
-9.441439509391784668e-01
7.568973898887634277e-01
1.100330710411071777e+00
-3.398584425449371338e-01
8.241140842437744141e-01
-5.263684391975402832e-01
1.419527292251586914e+00
-5.062796473503112793e-01
-7.959916591644287109e-01
3.703653812408447266e-01
1.493244647979736328e+00
-4.626607596874237061e-01
1.441384553909301758e+00
-1.385733392089605331e-02
2.507306635379791260e-01
1.314406037330627441e+00
-8.707281202077865601e-02
1.044792294502258301e+00
-4.967398345470428467e-01
4.362038969993591309e-01
-8.528814315795898438e-01
-6.891432404518127441e-01
-9.349904060363769531e-01
4.288591742515563965e-01
-9.823653101921081543e-01
5.018230676651000977e-01
1.038375735282897949e+00
4.726348221302032471e-01
1.523094654083251953e+00
-2.529422938823699951e-01
-7.751658558845520020e-01
9.849867969751358032e-02
-1.108648657798767090e+00
-7.834646105766296387e-01
3.402237594127655029e-01
-6.194414496421813965e-01
1.538585871458053589e-01
-5.489157512784004211e-02
-2.092229276895523071e-01
1.495133876800537109e+00
-1.087293267250061035e+00
2.349696636199951172e+00
-5.624346137046813965e-01
-8.505881428718566895e-01
-2.008420377969741821e-01
-1.190436601638793945e+00
1.877716422080993652e+00
-1.628167986869812012e+00
-1.635066151618957520e+00
-3.829219043254852295e-01
-4.237146973609924316e-01
-5.166250467300415039e-01
-1.270485520362854004e+00
-1.237980246543884277e+00
1.626634895801544189e-01
-1.390013456344604492e+00
-6.146869659423828125e-01
-4.878355264663696289e-01
-4.905687570571899414e-01
8.858717083930969238e-01
-4.878203272819519043e-01
2.409282773733139038e-01
7.184783220291137695e-01
-1.279679298400878906e+00
6.796364188194274902e-01
-1.259983658790588379e+00
-1.054834008216857910e+00
-2.939345836639404297e-01
-6.221463680267333984e-01
1.598517149686813354e-01
-1.862370371818542480e-01
-7.595219016075134277e-01
-3.566157817840576172e-01
-2.544069886207580566e-01
-1.300319910049438477e+00
-3.602089285850524902e-01
-8.654608726501464844e-01
1.826070062816143036e-02
1.036345958709716797e+00
-5.414484143257141113e-01
-5.460364371538162231e-02
6.586000323295593262e-01
5.194851756095886230e-01
-2.163248360157012939e-01
-2.743532359600067139e-01
-9.711800813674926758e-01
6.346277594566345215e-01
-2.199547767639160156e+00
-4.866769537329673767e-02
1.072568222880363464e-01
-1.018203616142272949e+00
-8.394146710634231567e-02
-9.330505728721618652e-01
2.087467908859252930e+00
2.158061027526855469e+00
2.544992208480834961e+00
-6.435757875442504883e-01
-4.213141500949859619e-01
-1.325822174549102783e-01
-1.145875573158264160e+00
-4.310983717441558838e-01
-4.084219038486480713e-01
-9.534600377082824707e-02
-7.693399190902709961e-01
1.517485260963439941e+00
4.478890001773834229e-01
-3.932082056999206543e-01
9.803119897842407227e-01
-1.481730461120605469e+00
-1.214332059025764465e-01
5.498647689819335938e-01
-7.990918159484863281e-01
7.506358623504638672e-01
-1.090260863304138184e+00
-4.545200765132904053e-01
1.767354488372802734e+00
6.772562861442565918e-01
-3.240185976028442383e-01
4.962073266506195068e-01
6.116613745689392090e-01
-4.802006185054779053e-01
5.990259051322937012e-01
1.224682688713073730e+00
-9.186663627624511719e-01
-9.360450506210327148e-01
2.968487143516540527e-01
-7.841517925262451172e-01
2.100934237241744995e-01
-8.260551095008850098e-01
-5.268884897232055664e-01
1.269216179847717285e+00
-2.800064980983734131e-01
-1.778815150260925293e+00
6.573986411094665527e-01
-6.302061080932617188e-01
-5.324636697769165039e-01
8.061674237251281738e-01
1.646802663803100586e+00
3.729394972324371338e-01
1.376843094825744629e+00
-1.779143691062927246e+00
-1.707736968994140625e+00
2.484138011932373047e-01
4.332475662231445312e-01
-1.409711718559265137e+00
-3.909591734409332275e-01
6.379069089889526367e-01
-3.994162082672119141e-01
-9.141951799392700195e-01
-1.459398746490478516e+00
-5.631373524665832520e-01
5.422956496477127075e-02
3.161810636520385742e-01
4.659143984317779541e-01
-9.404940009117126465e-01
6.360166072845458984e-01
-1.215332001447677612e-01
-4.543285369873046875e-01
8.293824195861816406e-01
2.241722196340560913e-01
2.043979316949844360e-01
-3.809065520763397217e-01
-1.095309734344482422e+00
1.243042945861816406e+00
-3.172971010208129883e-01
7.039084434509277344e-01
-5.878449082374572754e-01
-1.811306178569793701e-01
-4.593564271926879883e-01
-4.152084589004516602e-01
5.382044911384582520e-01
-1.404296040534973145e+00
8.058300614356994629e-01
-2.641105651855468750e+00
-4.614581465721130371e-01
7.397361993789672852e-01
5.380054116249084473e-01
-1.652431130409240723e+00
-7.042663097381591797e-01
-8.478214740753173828e-01
-9.163087606430053711e-01
-1.214150339365005493e-01
5.352361798286437988e-01
4.094780087471008301e-01
-1.486727714538574219e+00
-5.805535316467285156e-01
1.604808807373046875e+00
7.418751120567321777e-01
-2.864300906658172607e-01
3.820768892765045166e-01
1.085067033767700195e+00
1.131230115890502930e+00
-2.413145542144775391e+00
-1.077855467796325684e+00
7.005518078804016113e-01
5.287102460861206055e-01
1.334269285202026367e+00
-2.686564624309539795e-02
1.129976391792297363e+00
4.154685884714126587e-02
-1.585491746664047241e-01
4.566905200481414795e-01
4.048872590065002441e-01
-1.091233372688293457e+00
-5.026841163635253906e-02
3.748965859413146973e-01
-7.796210050582885742e-02
-3.900392949581146240e-01
1.713182479143142700e-01
3.065379559993743896e-01
-3.255744874477386475e-01
5.389847159385681152e-01
1.260026812553405762e+00
1.418725848197937012e+00
5.524834394454956055e-01
1.923037528991699219e+00
-3.118636310100555420e-01
1.039397001266479492e+00
-8.744497299194335938e-01
-2.259681463241577148e+00
2.215614616870880127e-01
-2.027067244052886963e-01
-9.867298603057861328e-02
-7.587933540344238281e-01
7.389777898788452148e-01
4.584733843803405762e-01
1.344051122665405273e+00
-2.830914035439491272e-02
1.736671179533004761e-01
-9.756122529506683350e-02
2.190831452608108521e-01
-1.256558775901794434e+00
6.436927318572998047e-01
-1.242061018943786621e+00
-5.411063432693481445e-01
-2.768744528293609619e-01
2.445230036973953247e-01
1.575655460357666016e+00
9.706251621246337891e-01
5.329661369323730469e-01
8.409745097160339355e-01
-1.449565768241882324e+00
-2.741584777832031250e+00
1.455360412597656250e+00
8.685086369514465332e-01
6.198874711990356445e-01
8.575876951217651367e-01
8.150145411491394043e-01
-4.837125539779663086e-02
2.661050260066986084e-01
-3.684081435203552246e-01
-1.393413782119750977e+00
6.161792874336242676e-01
-9.102878570556640625e-01
9.779927134513854980e-01
-1.730768531560897827e-01
-2.419488877058029175e-01
1.296402573585510254e+00
-2.686869800090789795e-01
1.941468119621276855e+00
-9.379426240921020508e-01
1.070221424102783203e+00
-5.175665616989135742e-01
-5.413464307785034180e-01
1.673925876617431641e+00
8.622688651084899902e-01
5.719919800758361816e-01
2.717214524745941162e-01
3.320923447608947754e-01
9.547587037086486816e-01
1.174384236335754395e+00
4.281736016273498535e-01
-2.780455909669399261e-02
1.079582348465919495e-01
-2.213841825723648071e-01
-1.154867410659790039e+00
3.852045238018035889e-01
-9.058212041854858398e-01
-5.396171808242797852e-01
1.193181991577148438e+00
-3.187431991100311279e-01
-8.311192393302917480e-01
7.226437330245971680e-02
1.169880867004394531e+00
-2.596679329872131348e-01
-5.604411959648132324e-01
2.210661321878433228e-01
-1.777913451194763184e+00
1.206159472465515137e+00
1.341129899024963379e+00
2.106288671493530273e-01
-7.465651631355285645e-01
2.777781009674072266e+00
2.007667124271392822e-01
7.855190634727478027e-01
-1.334952563047409058e-01
-6.725178956985473633e-01
-6.885168552398681641e-01
6.959837079048156738e-01
4.533657431602478027e-01
1.622302293777465820e+00
-1.055395826697349548e-01
1.028025388717651367e+00
1.077807664871215820e+00
-5.427969694137573242e-01
-2.243894785642623901e-01
-1.132650017738342285e+00
3.389423191547393799e-01
-4.569469392299652100e-01
3.133613765239715576e-01
8.033522963523864746e-02
-1.126985400915145874e-01
1.155391931533813477e+00
-1.603338122367858887e-01
-4.720860421657562256e-01
-3.646869212388992310e-02
-5.113866925239562988e-01
-2.016260147094726562e+00
-1.699235141277313232e-01
-8.729087710380554199e-01
-2.714459002017974854e-01
1.840392351150512695e+00
7.415475845336914062e-01
9.800454974174499512e-02
2.451102584600448608e-01
-6.455372273921966553e-02
1.011277455836534500e-02
-1.312200903892517090e+00
5.801255702972412109e-01
9.631200432777404785e-01
-2.294717133045196533e-01
-3.498909175395965576e-01
-1.335707426071166992e+00
-6.902238130569458008e-01
-8.399404883384704590e-01
-6.096832156181335449e-01
-2.244647741317749023e+00
6.157124638557434082e-01
-4.822252690792083740e-01
6.308903694152832031e-01
2.513271272182464600e-01
1.206434220075607300e-01
-5.479016304016113281e-01
-1.564548969268798828e+00
2.023626565933227539e-01
-6.991770584136247635e-03
-2.455258667469024658e-01
5.735110640525817871e-01
2.153421789407730103e-01
-1.784442901611328125e+00
5.544570088386535645e-02
-3.513043373823165894e-02
-1.078426837921142578e+00
5.994155406951904297e-01
-1.235523462295532227e+00
-2.167461365461349487e-01
-1.519390344619750977e+00
8.278595209121704102e-01
-1.552615761756896973e+00
-2.510304749011993408e-01
-7.352643013000488281e-01
2.042679786682128906e-01
2.109065465629100800e-02
2.999021708965301514e-01
1.916495859622955322e-01
-3.921399116516113281e-01
-7.336214780807495117e-01
1.464476346969604492e+00
3.425081372261047363e-01
-8.691544532775878906e-01
6.593806147575378418e-01
2.078692674636840820e+00
1.495189666748046875e+00
1.472609758377075195e+00
7.635259032249450684e-01
-1.679313302040100098e+00
-3.264262974262237549e-01
4.088581800460815430e-01
-7.552666068077087402e-01
7.549428939819335938e-01
1.893922537565231323e-01
-1.008279696106910706e-01
1.182808876037597656e+00
-2.849539816379547119e-01
-1.169423341751098633e+00
-3.174443244934082031e-01
6.280830502510070801e-02
-1.455983519554138184e-01
9.932270050048828125e-01
1.040285944938659668e+00
-6.330403685569763184e-01
3.065897226333618164e-01
2.866124808788299561e-01
-9.758247733116149902e-01
-7.547053098678588867e-01
5.659288167953491211e-01
-7.195650339126586914e-01
-3.675884902477264404e-01
2.984222471714019775e-01
6.011813282966613770e-01
-4.174367189407348633e-01
-2.660902738571166992e-01
2.739742100238800049e-01
2.695597112178802490e-01
-2.842631749808788300e-02
-3.431826233863830566e-01
-8.937609791755676270e-01
1.971336267888545990e-02
1.624899357557296753e-01
3.565470129251480103e-02
-4.259899258613586426e-01
-1.307447433471679688e+00
7.864032387733459473e-01
-4.096240401268005371e-01
-9.927222132682800293e-01
-3.555235266685485840e-02
9.213814884424209595e-02
6.647352576255798340e-01
-1.443972438573837280e-01
1.937320828437805176e-01
-7.701957225799560547e-01
-3.898574113845825195e-01
-6.378796696662902832e-01
8.929994106292724609e-01
8.248035609722137451e-02
6.719530224800109863e-01
-7.849227786064147949e-01
-2.873338758945465088e-01
-1.900330543518066406e+00
-1.336188197135925293e+00
8.162641525268554688e-01
-1.940812826156616211e+00
-1.131590843200683594e+00
4.607124328613281250e-01
-6.152110695838928223e-01
1.749482631683349609e+00
-1.881323009729385376e-01
5.605711936950683594e-01
-3.645585477352142334e-01
8.616420626640319824e-01
-8.700330257415771484e-01
-1.687622308731079102e+00
-2.242339253425598145e-01
-4.107136428356170654e-01
1.149775385856628418e+00
2.443142533302307129e-01
5.919057726860046387e-01
-6.886010766029357910e-01
2.120131105184555054e-01
1.120561242103576660e+00
3.017999827861785889e-01
-3.697129487991333008e-01
-2.142400294542312622e-01
-4.255597665905952454e-02
-1.788945674896240234e+00
4.488945603370666504e-01
2.813809514045715332e-01
1.805166482925415039e+00
-3.396662473678588867e-01
-5.922529697418212891e-01
1.943151503801345825e-01
3.089323937892913818e-01
3.121362924575805664e-01
-1.116009950637817383e-01
2.897406816482543945e-01
-5.132470726966857910e-01
8.096981644630432129e-01
-9.954828619956970215e-01
-8.155018836259841919e-02
1.598410010337829590e-01
5.003811120986938477e-01
-4.470545649528503418e-01
4.872830510139465332e-01
4.457289278507232666e-01
9.526399374008178711e-01
7.456116378307342529e-02
7.146971821784973145e-01
1.507349014282226562e+00
-7.788811922073364258e-01
6.541958451271057129e-01
-2.716493047773838043e-02
3.915723264217376709e-01
1.801026798784732819e-02
-1.852476000785827637e-01
3.895727396011352539e-01
4.651003777980804443e-01
1.145013332366943359e+00
-2.883500754833221436e-01
8.404124975204467773e-01
-2.887709438800811768e-01
-1.021790862083435059e+00
8.827401399612426758e-01
4.298323690891265869e-01
-7.966574430465698242e-01
-7.004755139350891113e-01
-4.208819568157196045e-01
1.134341835975646973e+00
1.593177951872348785e-02
8.738828897476196289e-01
9.361340403556823730e-01
-3.048889636993408203e-01
-8.343439102172851562e-01
-7.271753549575805664e-01
-9.818979501724243164e-01
-1.372755289077758789e+00
7.046896219253540039e-01
-1.742953658103942871e+00
8.139165639877319336e-01
-3.562323451042175293e-01
-6.335052251815795898e-01
1.197564601898193359e+00
7.642592787742614746e-01
-7.878056168556213379e-01
-2.813884615898132324e-01
1.306666612625122070e+00
7.586848735809326172e-01
2.783951461315155029e-01
-6.241629123687744141e-01
-1.790267586708068848e+00
-1.928110003471374512e+00
4.907215833663940430e-01
-6.151297092437744141e-01
-1.139242172241210938e+00
-7.379414439201354980e-01
2.732394337654113770e-01
-6.475661993026733398e-01
1.222077608108520508e+00
-2.494420766830444336e+00
5.790327787399291992e-01
1.430393457412719727e+00
-1.105781078338623047e+00
7.095817327499389648e-01
-4.320309758186340332e-01
-5.170094370841979980e-01
-7.385157346725463867e-01
6.877232789993286133e-01
7.859917879104614258e-01
5.608011484146118164e-01
2.078828811645507812e-01
-1.856336712837219238e+00
-9.518464803695678711e-01
-7.916008234024047852e-01
-1.007097601890563965e+00
1.215979218482971191e+00
-2.715011835098266602e+00
-5.425794720649719238e-01
8.699362874031066895e-01
4.567946866154670715e-02
8.257001638412475586e-02
1.574474811553955078e+00
3.553899377584457397e-02
-8.384746313095092773e-02
1.406549215316772461e+00
-6.084926724433898926e-01
-5.346683859825134277e-01
-1.894836276769638062e-01
-1.141683697700500488e+00
-2.930387556552886963e-01
1.031815052032470703e+00
-7.741507887840270996e-01
2.761208117008209229e-01
6.095809936523437500e-01
-6.572408080101013184e-01
4.980996549129486084e-01
5.277588367462158203e-01
6.533753275871276855e-01
-5.695921182632446289e-01
2.310549169778823853e-01
-7.340659201145172119e-02
-3.419331610202789307e-01
1.136604070663452148e+00
-1.374820709228515625e+00
-6.261623501777648926e-01
-4.972241520881652832e-01
3.178860545158386230e-01
-1.585849076509475708e-01
-6.332802772521972656e-01
-6.389947533607482910e-01
-1.321011424064636230e+00
-1.907361298799514771e-01
-6.099475026130676270e-01
5.347279310226440430e-01
-2.136760950088500977e+00
4.713592231273651123e-01
-4.377200827002525330e-02
-5.962467193603515625e-01
5.833005905151367188e-01
1.026357769966125488e+00
1.264500737190246582e+00
-1.290280699729919434e+00
1.602789402008056641e+00
8.127845078706741333e-02
2.799988985061645508e-01
-1.038034200668334961e+00
-6.266828775405883789e-01
7.391238808631896973e-01
-2.430236816406250000e+00
-5.577699542045593262e-01
-1.401058137416839600e-01
4.816638529300689697e-01
4.965060949325561523e-01
2.875504791736602783e-01
1.473520040512084961e+00
-9.006942510604858398e-01
-6.594935655593872070e-01
2.346340864896774292e-01
-3.079789280891418457e-01
-1.115569829940795898e+00
3.161508738994598389e-01
6.733610630035400391e-01
7.803730964660644531e-01
-8.994566798210144043e-01
-5.223634243011474609e-01
-7.695164680480957031e-01
-7.936942577362060547e-01
9.076306819915771484e-01
1.505258679389953613e+00
1.058571815490722656e+00
-1.479561090469360352e+00
-8.302888870239257812e-01
-6.530117988586425781e-01
-1.441024065017700195e+00
7.230829000473022461e-01
1.214727520942687988e+00
1.889546662569046021e-01
-6.384062767028808594e-01
1.244109392166137695e+00
6.084403991699218750e-01
-4.999499619007110596e-01
6.445220112800598145e-01
1.677944779396057129e+00
1.137390732765197754e+00
-4.171044826507568359e-01
-4.412630200386047363e-01
1.213602423667907715e-01
-1.856333971023559570e+00
8.307275176048278809e-02
1.022399425506591797e+00
-9.770505428314208984e-01
8.593548834323883057e-02
6.153045892715454102e-01
3.409105539321899414e-01
8.410041928291320801e-01
3.851526975631713867e-01
1.854687035083770752e-01
-2.415518760681152344e-01
-5.335212349891662598e-01
-3.216178715229034424e-01
6.177923679351806641e-01
-3.447303771972656250e-01
-8.471009731292724609e-01
-8.502161502838134766e-01
9.533994197845458984e-01
-1.132334828376770020e+00
-1.579435825347900391e+00
-2.415208518505096436e-01
-1.005246281623840332e+00
1.678346276283264160e+00
1.629770845174789429e-01
-1.750932455062866211e+00
-1.173174619674682617e+00
-1.009364008903503418e+00
1.778325557708740234e+00
-9.918237328529357910e-01
-1.659332633018493652e+00
-2.012890815734863281e+00
4.026254639029502869e-02
-7.957807779312133789e-01
1.852151900529861450e-01
4.839746057987213135e-01
-8.122142404317855835e-02
-5.890029668807983398e-01
7.160612344741821289e-01
1.279947519302368164e+00
-4.244856238365173340e-01
5.095006227493286133e-01
4.121199846267700195e-01
-1.929808259010314941e-01
3.374016657471656799e-02
-6.065466627478599548e-02
4.049393236637115479e-01
-3.471540212631225586e-01
4.452339187264442444e-02
3.832297325134277344e-01
8.931306600570678711e-01
-1.749850623309612274e-02
-1.512905359268188477e+00
1.786011010408401489e-01
-3.967452794313430786e-02
-8.845514059066772461e-01
2.654698193073272705e-01
-2.387751102447509766e+00
-1.991715669631958008e+00
-3.935754299163818359e-01
-5.337319336831569672e-03
-7.333588600158691406e-01
8.318558335304260254e-01
-4.092959463596343994e-01
-6.112849712371826172e-01
-8.908340334892272949e-02
-4.338849484920501709e-01
5.870708823204040527e-01
3.133509755134582520e-01
-4.488273561000823975e-01
-6.859053671360015869e-02
-6.722994446754455566e-01
-3.350844085216522217e-01
-1.628250628709793091e-01
-6.032314896583557129e-01
-7.300409078598022461e-01
3.745762705802917480e-01
1.890680491924285889e-01
5.310831069946289062e-01
-4.394624233245849609e-01
5.027579069137573242e-01
9.123951196670532227e-01
-5.831761360168457031e-01
5.110798403620719910e-02
1.256547570228576660e+00
2.060295939445495605e-01
-1.701680302619934082e+00
-1.095628142356872559e+00
-1.049787998199462891e+00
1.291113346815109253e-01
-3.813001811504364014e-01
-1.055105090141296387e+00
-6.820860505104064941e-01
-1.126902699470520020e+00
1.200463294982910156e+00
-1.352118849754333496e+00
1.303606629371643066e+00
2.906670272350311279e-01
-3.951278030872344971e-01
8.076669573783874512e-01
1.232430219650268555e+00
-8.345552682876586914e-01
-4.205777868628501892e-02
-3.676531910896301270e-01
1.121102213859558105e+00
5.126347765326499939e-02
6.450407207012176514e-02
2.263787761330604553e-02
4.485318958759307861e-01
-5.347166657447814941e-01
9.374291300773620605e-01
-9.165931344032287598e-01
4.318983256816864014e-01
4.242886900901794434e-01
-5.298467278480529785e-01
-1.217137426137924194e-01
2.265456438064575195e+00
1.173356175422668457e+00
-2.142459303140640259e-01
-4.689457416534423828e-01
