-1.786352753639221191e+00
-2.355101823806762695e+00
-3.706259727478027344e-01
-3.287519216537475586e-01
3.101645708084106445e-01
-1.069291949272155762e+00
6.767542958259582520e-01
-5.784854665398597717e-02
1.173156023025512695e+00
-1.199313521385192871e+00
-1.811805248260498047e+00
-1.504469066858291626e-01
-9.986500144004821777e-01
8.224765062332153320e-01
1.758166193962097168e+00
2.897068299353122711e-02
-6.378434300422668457e-01
-4.380376935005187988e-01
7.629032135009765625e-01
-1.390427470207214355e+00
7.439578771591186523e-01
-2.489401817321777344e+00
-4.855799674987792969e-01
-1.349236965179443359e+00
-5.701370835304260254e-01
1.607521414756774902e+00
-8.283103704452514648e-01
8.137114644050598145e-01
-1.637431383132934570e-01
-8.944573998451232910e-02
-3.926596045494079590e-01
1.469339489936828613e+00
2.823510169982910156e-01
-2.043753713369369507e-01
2.641876935958862305e-01
7.068907022476196289e-01
7.421697378158569336e-01
2.132556200027465820e+00
-8.915147781372070312e-01
1.671889901161193848e+00
-1.494359731674194336e+00
-1.183813691139221191e+00
-1.361672878265380859e+00
-6.810164451599121094e-01
2.572515308856964111e-01
4.366959035396575928e-01
-3.266943693161010742e-01
-7.159071564674377441e-01
1.037993907928466797e+00
1.445152521133422852e+00
-4.807941019535064697e-01
1.285507977008819580e-01
-1.692481398582458496e+00
-1.786172389984130859e-01
-2.845713138580322266e+00
-1.964693069458007812e+00
-1.068890690803527832e+00
3.352723270654678345e-02
8.233878016471862793e-01
-8.192013502120971680e-01
1.318132758140563965e+00
2.382172942161560059e-01
-1.814023494720458984e+00
1.865707874298095703e+00
1.480377197265625000e+00
-5.414436459541320801e-01
-6.652450561523437500e-01
-3.628245890140533447e-01
-2.602472603321075439e-01
2.612937211990356445e+00
-8.899242877960205078e-01
2.131664276123046875e+00
8.018779158592224121e-01
-1.405242830514907837e-01
1.316088438034057617e+00
2.047266513109207153e-01
1.822098731994628906e+00
-1.756264925003051758e+00
-1.223061442375183105e+00
4.144862890243530273e-01
-1.027008652687072754e+00
-2.654583156108856201e-01
-1.351881384849548340e+00
-5.051706433296203613e-01
3.560439348220825195e-01
-2.944016754627227783e-01
3.497273474931716919e-02
-3.626923263072967529e-01
1.166091442108154297e+00
-3.716636598110198975e-01
1.806634306907653809e+00
-5.288134217262268066e-01
1.618354916572570801e+00
1.350712299346923828e+00
-2.064429968595504761e-01
2.076880455017089844e+00
-1.478211283683776855e-01
1.580605030059814453e+00
2.138421833515167236e-01
-1.482837647199630737e-01
-1.603863477706909180e+00
-1.805598378181457520e+00
1.062834382057189941e+00
2.459237873554229736e-01
-1.537461757659912109e+00
-2.101919651031494141e+00
-1.296727299690246582e+00
1.008102536201477051e+00
-2.938295364379882812e+00
1.179273605346679688e+00
2.193855762481689453e+00
1.491206169128417969e+00
-1.569622397422790527e+00
1.318789124488830566e-01
-2.972061336040496826e-01
2.204825639724731445e+00
-1.350710272789001465e+00
1.146304130554199219e+00
1.188065767288208008e+00
2.380573272705078125e+00
1.135734438896179199e+00
8.774904608726501465e-01
2.204008847475051880e-01
-6.260591745376586914e-01
8.978355526924133301e-01
-1.359204173088073730e+00
-1.067178726196289062e+00
-8.119433522224426270e-01
