-1.726049065589904785e+00
7.469173669815063477e-01
1.132905125617980957e+00
5.937823057174682617e-01
1.883184313774108887e-01
4.790939390659332275e-01
-1.236772015690803528e-01
-1.106911823153495789e-01
6.157781481742858887e-01
2.152970992028713226e-02
-5.167846381664276123e-02
7.063015699386596680e-01
-9.510358572006225586e-01
-7.752324640750885010e-02
1.079186558723449707e+00
2.173037678003311157e-01
-6.537737250328063965e-01
4.722725749015808105e-01
1.167648196220397949e+00
-1.540770769119262695e+00
-1.266952753067016602e+00
-5.336624979972839355e-01
-5.666032433509826660e-01
-3.077058196067810059e-01
-1.314071536064147949e+00
3.661020994186401367e-01
8.772196173667907715e-01
1.449588537216186523e+00
2.361146546900272369e-02
1.282103508710861206e-01
-1.470676250755786896e-02
-2.049375921487808228e-01
-1.043826818466186523e+00
1.920459419488906860e-01
1.740461945533752441e+00
7.323300093412399292e-02
3.462047576904296875e-01
-1.966753043234348297e-02
-7.107585072517395020e-01
-9.604180455207824707e-01
1.417507648468017578e+00
-1.280385613441467285e+00
-1.438625693321228027e+00
-2.855618596076965332e-01
-1.064612030982971191e+00
4.385100007057189941e-01
-1.510609984397888184e+00
-4.317172765731811523e-01
-7.367916107177734375e-01
-1.069713950157165527e+00
-1.811625994741916656e-02
1.326359033584594727e+00
1.027513384819030762e+00
5.366766452789306641e-01
8.549195528030395508e-01
8.694086670875549316e-01
1.095151901245117188e+00
1.600941658020019531e+00
-6.122850999236106873e-02
2.044252157211303711e-01
1.513691902160644531e+00
-2.665852308273315430e+00
-2.160106748342514038e-01
6.500977277755737305e-02
1.374626994132995605e+00
1.085365653038024902e+00
1.625995993614196777e+00
1.416452407836914062e+00
1.141784429550170898e+00
-5.111503005027770996e-01
9.206926822662353516e-01
1.011835217475891113e+00
1.677500009536743164e+00
4.284583404660224915e-02
-8.148254752159118652e-01
6.934718787670135498e-02
-2.147506177425384521e-01
-1.039183855056762695e+00
1.019497513771057129e+00
-7.387999296188354492e-01
7.561624646186828613e-01
9.409438371658325195e-01
-6.504752486944198608e-02
1.806758344173431396e-01
-1.198901891708374023e+00
5.243356227874755859e-01
-9.713020324707031250e-01
1.134708881378173828e+00
7.438986897468566895e-01
-1.525339782238006592e-01
1.138635754585266113e+00
1.240803837776184082e+00
2.805529534816741943e-01
-9.885674715042114258e-01
-1.010899901390075684e+00
1.305750012397766113e+00
-1.540599226951599121e+00
-2.263232707977294922e+00
8.305611014366149902e-01
2.317323833703994751e-01
1.961396574974060059e+00
1.643761634826660156e+00
-2.209406614303588867e+00
7.805102467536926270e-01
4.561694562435150146e-01
1.874841153621673584e-01
4.430210590362548828e-01
2.328624248504638672e+00
-9.396778345108032227e-01
1.389269113540649414e+00
-7.544018626213073730e-01
-6.542867422103881836e-01
-6.015163064002990723e-01
1.523758769035339355e+00
-9.759340882301330566e-01
-2.807480394840240479e-01
3.009248338639736176e-02
-1.085285544395446777e+00
-1.394452571868896484e+00
1.646552584134042263e-03
1.300918102264404297e+00
3.313389122486114502e-01
2.165213108062744141e+00
-1.581547975540161133e+00
-4.595054388046264648e-01
-8.458508253097534180e-01
-8.981155157089233398e-01
1.204492449760437012e-01
1.894900441169738770e+00
8.520276546478271484e-01
6.396520137786865234e-01
1.013935208320617676e+00
-3.938545286655426025e-01
-5.868557691574096680e-01
1.150463938713073730e+00
1.266780734062194824e+00
-5.426039099693298340e-01
-1.058884859085083008e+00
5.584610104560852051e-01
2.027145922183990479e-01
1.373347640037536621e-01
1.059958264231681824e-01
7.556402087211608887e-01
1.193993091583251953e+00
-1.260090351104736328e+00
7.265833020210266113e-01
5.949376225471496582e-01
2.343389689922332764e-01
-7.555761933326721191e-01
6.184332370758056641e-01
1.056117177009582520e+00
-2.120132297277450562e-01
1.719188570976257324e+00
8.331764489412307739e-02
-3.338737785816192627e-02
7.138344645500183105e-01
1.075731992721557617e+00
1.008174896240234375e+00
-3.223634362220764160e-01
-1.349622309207916260e-01
-6.904502511024475098e-01
-1.108182311058044434e+00
8.429336547851562500e-01
3.793733417987823486e-01
-1.271994471549987793e+00
-4.020699858665466309e-01
-5.120897889137268066e-01
-2.891190648078918457e-01
-4.223466515541076660e-01
-7.384598255157470703e-01
-1.613126248121261597e-01
1.555806398391723633e-01
-6.108606457710266113e-01
-2.714069485664367676e-01
-9.479756951332092285e-01
7.196058332920074463e-02
3.374594748020172119e-01
6.372274756431579590e-01
-6.654528975486755371e-01
-1.984916031360626221e-01
7.805292606353759766e-01
5.208237841725349426e-02
-5.093485713005065918e-01
8.200395703315734863e-01
4.112173616886138916e-01
-1.137154340744018555e+00
1.377627968788146973e+00
-9.562364816665649414e-01
-6.392420828342437744e-02
-3.890822231769561768e-01
-1.042486190795898438e+00
9.887952804565429688e-01
-1.167851567268371582e+00
2.479576617479324341e-01
-6.838591098785400391e-01
-3.998199403285980225e-01
8.511834144592285156e-01
-1.137884985655546188e-02
-6.742415428161621094e-01
8.018954992294311523e-01
-2.443391084671020508e+00
-7.343974113464355469e-01
-6.814029216766357422e-01
-1.136591844260692596e-02
5.355844497680664062e-01
-4.249770343303680420e-01
-3.504804968833923340e-01
1.499375462532043457e+00
1.468997359275817871e+00
9.843116402626037598e-01
1.222795248031616211e+00
8.726710081100463867e-01
7.886600494384765625e-01
3.423628211021423340e-01
-1.466542363166809082e+00
-1.272802472114562988e+00
6.460200548171997070e-01
-2.290851831436157227e+00
-6.395268440246582031e-02
1.165271848440170288e-01
-4.535391032695770264e-01
3.544280827045440674e-01
-3.382126092910766602e-01
1.346233636140823364e-01
-2.013154029846191406e-01
-7.856695652008056641e-01
-8.294309973716735840e-01
-1.299067378044128418e+00
3.330497443675994873e-01
-9.324980527162551880e-02
2.908857762813568115e-01
-1.109447121620178223e+00
-8.186006546020507812e-01
-1.191435813903808594e+00
9.210420846939086914e-01
1.035896420478820801e+00
-1.751159429550170898e-01
5.321109294891357422e-02
3.687029480934143066e-01
2.692445740103721619e-02
1.659454405307769775e-01
9.022623896598815918e-01
-1.851992011070251465e-01
1.008769512176513672e+00
3.733974322676658630e-02
-2.179009675979614258e+00
1.408812403678894043e+00
6.452941298484802246e-01
6.387421488761901855e-01
3.440003395080566406e-01
-7.082215547561645508e-01
1.971210837364196777e+00
-1.279952406883239746e+00
-8.424028754234313965e-01
3.417451381683349609e-01
3.876839280128479004e-01
-3.578736186027526855e-01
8.616016507148742676e-01
-1.373702645301818848e+00
4.701444804668426514e-01
9.189230948686599731e-02
9.835809469223022461e-01
5.683915317058563232e-02
-1.720006346702575684e+00
1.278862357139587402e+00
-2.434043586254119873e-01
3.893152177333831787e-01
-1.352200508117675781e+00
-5.261622071266174316e-01
1.570994220674037933e-02
1.479256510734558105e+00
2.156182974576950073e-01
1.398792505264282227e+00
2.085044831037521362e-01
-1.391717910766601562e+00
-8.857389688491821289e-01
-9.564286470413208008e-01
1.007828265428543091e-01
-1.462336421012878418e+00
-1.027656435966491699e+00
1.128170713782310486e-01
-2.307065576314926147e-01
9.962987899780273438e-01
-3.801587224006652832e-01
-9.456035494804382324e-01
-1.667214371263980865e-02
-8.404474854469299316e-01
9.867401123046875000e-01
-2.006251215934753418e-01
-1.222435355186462402e+00
-1.019822239875793457e+00
1.863799333572387695e+00
-2.871216973289847374e-03
-1.977472156286239624e-01
-1.332842946052551270e+00
-1.039208620786666870e-01
-1.694710850715637207e-01
-8.625600337982177734e-01
-2.892229259014129639e-01
1.910859048366546631e-01
-3.374362587928771973e-01
-4.748476296663284302e-02
-8.170744180679321289e-01
-4.117466211318969727e-01
-2.117509841918945312e+00
-1.160643100738525391e+00
8.657283186912536621e-01
7.329957485198974609e-01
5.093278884887695312e-01
4.581278264522552490e-01
-2.747742235660552979e-01
-7.147967815399169922e-01
-3.213241994380950928e-01
-5.795992016792297363e-01
1.210180044174194336e+00
-1.610134363174438477e+00
-4.140091538429260254e-01
-1.956504344940185547e+00
-9.655429050326347351e-03
-5.482442378997802734e-01
-7.169449925422668457e-01
-5.046042799949645996e-01
4.317489564418792725e-01
-1.220733448863029480e-01
-5.677226781845092773e-01
-1.459306359291076660e+00
1.468518257141113281e+00
1.499179899692535400e-01
-1.328237205743789673e-01
-1.591167330741882324e+00
3.153027892112731934e-01
-5.626520514488220215e-01
1.936794996261596680e+00
3.478563129901885986e-01
1.972809582948684692e-01
1.748100280761718750e+00
-2.023739337921142578e+00
-2.073080092668533325e-01
-7.612979412078857422e-02
2.050248146057128906e+00
-6.704948544502258301e-01
-3.947664499282836914e-01
1.319485306739807129e+00
-1.145694255828857422e+00
7.914288640022277832e-01
-4.838723242282867432e-01
1.714414358139038086e-01
-1.080713868141174316e+00
-7.752574086189270020e-01
1.887543201446533203e+00
-3.656469881534576416e-01
-8.207198381423950195e-01
7.787975072860717773e-01
-4.584210366010665894e-02
1.473738312721252441e+00
-2.033704221248626709e-01
2.380886226892471313e-01
5.977926403284072876e-02
2.308723479509353638e-01
1.437359929084777832e+00
3.147971630096435547e-01
6.236293315887451172e-01
6.776382029056549072e-02
1.000374555587768555e+00
2.756353318691253662e-01
4.422515630722045898e-01
-1.559729695320129395e+00
1.024843454360961914e+00
4.734088182449340820e-01
-3.323735892772674561e-01
-3.227397203445434570e-01
9.545789957046508789e-01
-8.068596720695495605e-01
-6.736455112695693970e-02
1.174597740173339844e+00
2.803139388561248779e-02
1.915033817291259766e+00
-6.286609917879104614e-02
-8.793912529945373535e-01
1.636724546551704407e-02
-5.223903059959411621e-01
-1.284138560295104980e+00
2.597065269947052002e-01
1.434993982315063477e+00
-8.167856931686401367e-01
4.281809031963348389e-01
2.508076906204223633e+00
-1.486192822456359863e+00
-1.024741888046264648e+00
1.278436541557312012e+00
4.710519611835479736e-01
2.371813654899597168e-01
-7.674351930618286133e-01
9.078180193901062012e-01
2.155630886554718018e-01
-1.482479453086853027e+00
1.518308401107788086e+00
1.848393440246582031e+00
-6.813502907752990723e-01
2.188829421997070312e+00
-1.239647746086120605e+00
8.712014555931091309e-02
-8.350456953048706055e-01
-1.858828663825988770e-01
-3.278952240943908691e-01
-1.478047847747802734e+00
-5.612468719482421875e-01
1.454220890998840332e+00
6.473869681358337402e-01
-4.214600324630737305e-01
1.240364789962768555e+00
-2.249021530151367188e-01
6.454380154609680176e-01
-5.522284507751464844e-01
5.696536302566528320e-01
3.476450443267822266e-01
-3.397107720375061035e-01
-1.399315476417541504e+00
2.293387502431869507e-01
-7.766065597534179688e-01
-1.927951276302337646e-01
1.460101306438446045e-01
1.074677228927612305e+00
8.953492045402526855e-01
-2.867851972579956055e+00
1.407852053642272949e+00
-1.905031085014343262e+00
-4.574589133262634277e-01
-7.060868144035339355e-01
7.829245924949645996e-01
-2.739311158657073975e-01
-5.380903556942939758e-02
9.786522388458251953e-01
4.687409996986389160e-01
-3.956393897533416748e-01
5.398393273353576660e-01
-1.177746176719665527e+00
7.764223814010620117e-01
-7.272669076919555664e-01
-1.900485157966613770e-01
1.658275127410888672e+00
-1.279810965061187744e-01
-7.776078768074512482e-03
2.632671222090721130e-02
-8.525417447090148926e-01
1.865732550621032715e+00
-1.557689428329467773e+00
-3.474801033735275269e-02
3.846285864710807800e-02
1.112755537033081055e+00
-9.923419356346130371e-01
1.317722797393798828e+00
-1.429435491561889648e+00
-1.265570987015962601e-02
1.689299821853637695e+00
1.425134658813476562e+00
-4.219500124454498291e-01
1.208408251404762268e-01
3.840251266956329346e-01
-3.949401974678039551e-01
-4.145382344722747803e-01
6.747271418571472168e-01
1.744804382324218750e-01
6.116389632225036621e-01
-4.066291451454162598e-02
5.425246357917785645e-01
1.091080784797668457e+00
8.741849660873413086e-01
-8.418470025062561035e-01
-7.786481976509094238e-01
2.460098266601562500e-01
9.030052423477172852e-01
-9.454735517501831055e-01
-8.976903557777404785e-02
2.641351521015167236e-01
3.900337591767311096e-02
1.341343283653259277e+00
-5.083619952201843262e-01
1.053063154220581055e+00
-1.064721345901489258e+00
-5.015707388520240784e-02
8.851569294929504395e-01
2.655351459980010986e-01
-6.720806360244750977e-01
1.219915986061096191e+00
4.898580536246299744e-02
-5.457243919372558594e-01
3.180916905403137207e-01
5.905933380126953125e-01
4.550437331199645996e-01
2.205932289361953735e-01
2.197622299194335938e+00
5.823391079902648926e-01
1.592145413160324097e-01
-4.180333316326141357e-01
6.131667494773864746e-01
1.051035523414611816e+00
4.039607644081115723e-01
-9.677277505397796631e-02
5.830954313278198242e-01
-3.942915201187133789e-01
-1.152049660682678223e+00
-8.289232254028320312e-01
5.986915826797485352e-01
3.859114050865173340e-01
-6.663030385971069336e-01
-3.903058543801307678e-02
8.084561228752136230e-01
-8.389592170715332031e-01
-6.997121125459671021e-02
-1.811180830001831055e+00
7.092937827110290527e-01
-8.301517367362976074e-02
-2.855180799961090088e-01
-5.982227325439453125e-01
-6.541319191455841064e-02
9.806609153747558594e-01
2.068812213838100433e-02
4.023190736770629883e-01
1.166852116584777832e+00
-8.096123337745666504e-01
1.311096251010894775e-01
1.357665359973907471e-01
7.908962965011596680e-01
3.263357877731323242e-01
-5.016565918922424316e-01
1.001806020736694336e+00
-1.045141577720642090e+00
-1.036924943327903748e-01
4.735379517078399658e-01
5.520429611206054688e-01
-7.513476014137268066e-01
2.442332655191421509e-01
1.715360325761139393e-03
2.286329269409179688e+00
6.570786237716674805e-01
-3.601085245609283447e-01
-1.352148652076721191e+00
4.849934875965118408e-01
5.514430999755859375e-01
-7.053463459014892578e-01
-1.738096714019775391e+00
-2.675117552280426025e-01
-4.545740485191345215e-01
-7.967292666435241699e-01
-1.025675773620605469e+00
1.877940446138381958e-01
-1.195405721664428711e+00
1.180952668190002441e+00
-1.963314056396484375e+00
2.299820445477962494e-02
1.284507155418395996e+00
8.219781517982482910e-01
3.392175212502479553e-02
1.448660194873809814e-01
-6.765202283859252930e-01
1.188035368919372559e+00
-3.789288401603698730e-01
-6.767359375953674316e-01
-7.306712269783020020e-01
-3.526750719174742699e-03
-4.118742346763610840e-01
4.147780537605285645e-01
-1.166615128517150879e+00
1.453683495521545410e+00
2.905548810958862305e-01
1.397166132926940918e+00
1.962483376264572144e-01
-6.031337976455688477e-01
6.117172241210937500e-01
4.108266234397888184e-01
9.728604555130004883e-01
9.730295091867446899e-02
1.168545037508010864e-01
-3.233498036861419678e-01
1.325654625892639160e+00
-1.433001272380352020e-02
-3.447955250740051270e-01
-8.660268783569335938e-01
7.305708527565002441e-01
-4.671613574028015137e-01
-4.079867303371429443e-01
1.754318773746490479e-01
4.166218638420104980e-01
-1.019575357437133789e+00
-2.783067226409912109e-01
-9.661544114351272583e-02
-1.611781716346740723e-01
-3.022748231887817383e-01
-8.667543530464172363e-01
-6.193608045578002930e-03
-2.341595143079757690e-01
6.052574515342712402e-01
-9.100010395050048828e-01
9.373990446329116821e-02
-1.124760627746582031e+00
7.869955301284790039e-01
-4.089661538600921631e-01
-1.936087250709533691e+00
-6.989491730928421021e-02
9.382058382034301758e-01
4.879747331142425537e-01
-1.412832021713256836e+00
-1.088706627488136292e-01
1.157460331916809082e+00
2.155577242374420166e-01
-1.186428666114807129e+00
-2.673878669738769531e-01
1.001679748296737671e-01
9.320533275604248047e-02
-9.724792838096618652e-01
-1.258346915245056152e+00
-4.047228991985321045e-01
-3.271654844284057617e-01
-1.605006456375122070e+00
6.514174938201904297e-01
-4.240995943546295166e-01
3.765114068984985352e+00
-7.458972744643688202e-03
-5.922777652740478516e-01
1.553785800933837891e+00
2.405929863452911377e-01
-9.758127927780151367e-01
-3.766891956329345703e-01
5.583655238151550293e-01
1.375889778137207031e+00
-2.607325315475463867e-01
-3.874770402908325195e-01
1.472416400909423828e+00
9.729188680648803711e-01
-5.077478885650634766e-01
-5.263680219650268555e-01
1.763044238090515137e+00
8.797160536050796509e-02
8.410838842391967773e-01
-5.185159444808959961e-01
6.976402401924133301e-01
1.586443930864334106e-01
-4.420984983444213867e-01
1.646845191717147827e-01
-1.101178169250488281e+00
1.398871898651123047e+00
2.511121630668640137e-01
-2.174652814865112305e-01
1.008853673934936523e+00
-2.215687781572341919e-01
5.590137839317321777e-01
1.555072784423828125e+00
-8.197348713874816895e-01
1.297314286231994629e+00
9.172946214675903320e-02
1.503494083881378174e-01
-5.245753750205039978e-02
1.105410099029541016e+00
-1.217057466506958008e+00
-4.810744225978851318e-01
1.667398452758789062e+00
-1.192406788468360901e-01
-2.518936395645141602e-01
-6.880131363868713379e-01
-5.112710595130920410e-01
-1.969713121652603149e-01
1.006649374961853027e+00
2.334173679351806641e+00
-1.157728433609008789e+00
8.290315866470336914e-01
3.783835172653198242e-01
1.235501170158386230e+00
7.550916075706481934e-01
-2.186123371124267578e+00
-1.320222854614257812e+00
-7.500887513160705566e-01
1.978389143943786621e+00
-1.336439549922943115e-01
-7.549027204513549805e-01
-1.530019521713256836e+00
-1.854028582572937012e+00
1.615852564573287964e-01
6.797258853912353516e-01
-1.380124539136886597e-01
5.266032218933105469e-01
8.009255528450012207e-01
3.245717585086822510e-01
6.303057074546813965e-02
2.328810542821884155e-01
1.130242586135864258e+00
7.776769399642944336e-01
-1.100367069244384766e+00
-1.146831274032592773e+00
9.261180758476257324e-01
-5.987238883972167969e-01
1.027709484100341797e+00
4.008108973503112793e-01
3.171311318874359131e-01
1.084860324859619141e+00
1.538424968719482422e+00
1.547559618949890137e+00
1.388981580734252930e+00
4.537432491779327393e-01
-3.446513712406158447e-01
-7.002409100532531738e-01
-1.013955235481262207e+00
-4.734173417091369629e-01
4.804593324661254883e-01
-5.063143968582153320e-01
2.930295653641223907e-02
-1.974438428878784180e-01
-1.341817855834960938e+00
1.952241957187652588e-01
-8.987311124801635742e-01
1.763136237859725952e-01
2.181904390454292297e-03
-2.696319222450256348e-01
4.995180666446685791e-01
-1.053553104400634766e+00
-2.743354141712188721e-01
4.275240600109100342e-01
-1.715603172779083252e-01
-6.575369238853454590e-01
-1.248882859945297241e-01
-2.756331861019134521e-01
8.428379893302917480e-01
-1.215734958648681641e+00
-1.540740877389907837e-01
1.685389757156372070e+00
-8.777807950973510742e-01
2.140618860721588135e-01
6.188688874244689941e-01
1.241272687911987305e+00
-1.354826569557189941e+00
-2.259911783039569855e-02
-5.626433491706848145e-01
-3.821204304695129395e-01
-2.508627474308013916e-01
2.172841787338256836e+00
-5.702919960021972656e-01
-8.331674933433532715e-01
2.328374832868576050e-01
9.802703261375427246e-01
7.860332727432250977e-01
7.474857568740844727e-01
4.575584232807159424e-01
7.747430801391601562e-01
7.914630770683288574e-01
5.658630132675170898e-01
-6.904937624931335449e-01
2.017741203308105469e-01
-5.203920006752014160e-01
1.056363224983215332e+00
2.618399560451507568e-01
-1.416116714477539062e+00
-4.583118557929992676e-01
1.833167076110839844e-01
4.987885653972625732e-01
-5.334352850914001465e-01
7.145354151725769043e-02
9.720973372459411621e-01
1.347177624702453613e-01
1.500990152359008789e+00
-2.921053767204284668e-01
-5.050732493400573730e-01
2.450499832630157471e-01
-6.550186872482299805e-01
-1.034213751554489136e-01
-1.729877591133117676e+00
-5.285328626632690430e-01
9.372340440750122070e-01
-3.433563113212585449e-01
-1.101644486188888550e-01
-1.581937968730926514e-01
-1.550592631101608276e-01
-1.798604607582092285e+00
-2.969935536384582520e-03
-2.399256676435470581e-01
6.742717027664184570e-01
1.038779839873313904e-01
6.415664553642272949e-01
1.761541962623596191e-01
-7.427585124969482422e-01
-6.109442114830017090e-01
5.490007624030113220e-02
1.871494799852371216e-01
6.733770668506622314e-02
-2.626303732395172119e-01
-8.763014078140258789e-01
-9.810375571250915527e-01
-2.678572237491607666e-01
1.700830459594726562e-01
-1.298714041709899902e+00
1.112606078386306763e-01
1.458999514579772949e+00
4.387823045253753662e-01
1.407733559608459473e-01
-7.220798134803771973e-01
-2.874993383884429932e-01
-1.337380528450012207e+00
3.531509041786193848e-01
1.962972164154052734e+00
-7.479427456855773926e-01
9.501839876174926758e-01
1.097951531410217285e+00
-6.828926503658294678e-02
-5.143895149230957031e-01
-1.391830563545227051e+00
-5.801524519920349121e-01
3.333905935287475586e-01
1.160042643547058105e+00
-3.421871662139892578e-01
6.064092516899108887e-01
-1.369595646858215332e+00
9.210998415946960449e-01
6.455191969871520996e-01
-2.634589672088623047e-01
3.902948796749114990e-01
-5.038217306137084961e-01
4.119454622268676758e-01
-8.999984264373779297e-01
2.454281598329544067e-01
-4.046331048011779785e-01
-1.187229156494140625e+00
9.630542397499084473e-01
-5.759715437889099121e-01
3.098669052124023438e-01
1.357205390930175781e+00
-4.319298863410949707e-01
-4.050662815570831299e-01
2.461084127426147461e-01
-1.771398931741714478e-01
-9.401859045028686523e-01
4.780494570732116699e-01
-5.537430644035339355e-01
-1.651842743158340454e-01
-1.641796231269836426e-01
-3.918281495571136475e-01
4.681606590747833252e-01
-7.778202891349792480e-01
-1.187632799148559570e+00
8.698828220367431641e-01
-9.349376559257507324e-01
-4.321119487285614014e-01
-1.247920393943786621e+00
-1.645170092582702637e+00
-1.346858501434326172e+00
9.272954463958740234e-01
5.346664786338806152e-01
-5.609141290187835693e-02
7.225582599639892578e-01
5.394552946090698242e-01
4.611953720450401306e-02
5.032202005386352539e-01
1.928146928548812866e-01
9.303860068321228027e-01
9.078377485275268555e-01
1.680261790752410889e-01
7.787421345710754395e-01
1.308413505554199219e+00
3.968995809555053711e-01
-1.753805875778198242e+00
1.741010546684265137e-01
8.818213641643524170e-02
7.664880156517028809e-01
-1.049299359321594238e+00
-6.120894104242324829e-02
-5.398002639412879944e-02
-1.241346240043640137e+00
-1.015964388847351074e+00
-9.448276758193969727e-01
-1.197697997093200684e+00
-1.664275407791137695e+00
9.684926271438598633e-01
-8.763623982667922974e-02
-1.001873850822448730e+00
1.014904618263244629e+00
-4.904870316386222839e-02
-4.512892663478851318e-01
1.413237810134887695e+00
-2.706616371870040894e-02
-2.625447213649749756e-01
9.461423754692077637e-01
-2.494986951351165771e-01
1.085333675146102905e-01
6.068329811096191406e-01
-9.121578335762023926e-01
1.440392494201660156e+00
8.980125784873962402e-01
4.902890920639038086e-01
-4.040461778640747070e-02
-9.902511835098266602e-01
4.374273121356964111e-01
6.476811766624450684e-01
7.396771907806396484e-01
3.074333071708679199e-01
-1.113418415188789368e-01
-1.072880476713180542e-01
2.615252435207366943e-01
8.760962486267089844e-01
8.362399935722351074e-01
3.125004470348358154e-01
-7.421591281890869141e-01
-1.559415102005004883e+00
-9.058013558387756348e-01
-3.643547594547271729e-01
-9.899599105119705200e-02
3.576258420944213867e-01
9.555343389511108398e-01
-7.058920860290527344e-01
1.372339844703674316e+00
-1.033752560615539551e+00
-3.862936496734619141e-01
-9.821015000343322754e-01
4.070752263069152832e-01
6.401069760322570801e-01
-3.529077470302581787e-01
-1.396872758865356445e+00
8.505338430404663086e-01
-1.050570011138916016e+00
5.022680163383483887e-01
9.445523619651794434e-01
1.466370463371276855e+00
5.309384688735008240e-02
-5.683167576789855957e-01
-5.684533119201660156e-01
1.161549240350723267e-01
2.373288869857788086e-01
-8.278459906578063965e-01
1.614811778068542480e+00
3.749556243419647217e-01
4.681714773178100586e-01
3.004759073257446289e+00
-9.379694461822509766e-01
-5.172677040100097656e-01
-1.195778012275695801e+00
3.959180414676666260e-01
2.849954962730407715e-01
9.146263003349304199e-01
7.113465070724487305e-01
-9.923256188631057739e-02
-6.773188114166259766e-01
3.249079883098602295e-01
-2.329047303646802902e-03
-1.538177430629730225e-01
-5.980702042579650879e-01
2.010789394378662109e+00
-5.416181683540344238e-02
-9.540845751762390137e-01
3.673189282417297363e-01
-2.222381979227066040e-01
-2.441792041063308716e-01
-6.620906293392181396e-02
1.831490516662597656e+00
1.282293945550918579e-01
2.422892570495605469e+00
-4.676654636859893799e-01
5.881400108337402344e-01
1.700909972190856934e+00
-1.568748652935028076e-01
-2.366735637187957764e-01
3.530780375003814697e-01
-1.517759203910827637e+00
4.544406831264495850e-01
-4.009375572204589844e-01
-4.111272692680358887e-01
-1.593676358461380005e-01
3.897167146205902100e-01
-6.735165715217590332e-01
2.782729268074035645e-01
3.834319710731506348e-01
7.273236513137817383e-01
8.441177606582641602e-01
2.738488316535949707e-01
-6.277502179145812988e-01
-3.326712846755981445e-01
2.703551389276981354e-02
-8.192223906517028809e-01
-4.836435914039611816e-01
8.976060748100280762e-01
4.115648567676544189e-01
4.098127186298370361e-01
1.236124873161315918e+00
-7.652636170387268066e-01
1.036895662546157837e-01
3.011056482791900635e-01
3.453556299209594727e-01
-1.191339731216430664e+00
-6.338269710540771484e-01
-8.491172194480895996e-01
9.309284687042236328e-01
-2.873679101467132568e-01
-6.365197896957397461e-01
-4.791079759597778320e-01
-7.464899420738220215e-01
4.633179306983947754e-01
-6.011930704116821289e-01
-5.773590207099914551e-01
5.268766283988952637e-01
-7.850906252861022949e-01
5.589939951896667480e-01
4.126461148262023926e-01
4.646472334861755371e-01
-7.288942579180002213e-03
