1.536082744598388672e+00
3.629502356052398682e-01
-2.389824539422988892e-01
-9.053757786750793457e-01
5.474358201026916504e-01
-2.611460722982883453e-02
9.483308196067810059e-01
-2.252239942550659180e+00
7.598272562026977539e-01
-3.274894952774047852e-01
1.174671053886413574e+00
4.835340678691864014e-01
-3.457653224468231201e-01
-5.908632278442382812e-01
8.189852535724639893e-02
-6.164974570274353027e-01
3.150606751441955566e-01
-1.141283988952636719e+00
1.131623387336730957e+00
-6.081750988960266113e-01
-8.119850754737854004e-01
-6.396265029907226562e-01
-6.486470103263854980e-01
-4.452685415744781494e-01
7.533262372016906738e-01
4.476837813854217529e-01
-3.664814168587327003e-03
6.636238694190979004e-01
-4.260257780551910400e-01
2.241858541965484619e-01
-4.609939455986022949e-02
5.249432325363159180e-01
-6.317923665046691895e-01
1.606742382049560547e+00
5.417184233665466309e-01
-8.395460844039916992e-01
-1.637277722358703613e+00
3.615743219852447510e-01
5.287106037139892578e-01
-8.363464847207069397e-03
6.856001913547515869e-02
9.219353199005126953e-01
-7.101242542266845703e-01
1.885254502296447754e+00
-8.627667427062988281e-01
1.408095210790634155e-01
-6.689845919609069824e-01
1.116322875022888184e+00
1.592635512351989746e-01
-1.434297561645507812e+00
-5.089504718780517578e-01
1.650869727134704590e+00
-4.236142933368682861e-01
-2.910782098770141602e-01
1.033840537071228027e+00
-7.732182145118713379e-01
4.412429928779602051e-01
-1.012138724327087402e+00
2.654355168342590332e-01
6.163847446441650391e-02
-1.267058610916137695e+00
1.475959420204162598e+00
4.105824530124664307e-01
-3.881304860115051270e-01
8.396949172019958496e-01
4.646313190460205078e-01
-1.353771090507507324e-01
-3.332976996898651123e-01
2.018640995025634766e+00
-1.127946734428405762e+00
-1.747036337852478027e+00
-2.558404766023159027e-02
1.362094521522521973e+00
5.377992987632751465e-01
9.760051965713500977e-01
-1.297547817230224609e+00
-1.257157027721405029e-01
6.636078357696533203e-01
-7.552407979965209961e-01
4.982986450195312500e-01
9.968597292900085449e-01
-3.526431024074554443e-01
-1.855985403060913086e+00
1.212836861610412598e+00
-6.377875804901123047e-02
-1.782073736190795898e+00
-1.315594673156738281e+00
-9.490921497344970703e-01
-2.806152105331420898e-01
8.676493912935256958e-02
6.881988048553466797e-01
8.484204411506652832e-01
1.940712213516235352e+00
6.306241750717163086e-01
-3.559420406818389893e-01
1.141436219215393066e+00
-1.533842533826828003e-01
7.857185602188110352e-02
-6.741253137588500977e-01
-6.842184662818908691e-01
1.632260322570800781e+00
-5.997844934463500977e-01
7.695915102958679199e-01
2.059665620326995850e-01
8.533599376678466797e-01
5.577573776245117188e-01
8.308501839637756348e-01
-1.028213053941726685e-01
7.962392568588256836e-01
7.598267197608947754e-01
-1.025865077972412109e+00
-3.475902676582336426e-01
-8.865474462509155273e-01
6.693955659866333008e-01
3.697970807552337646e-01
-9.263893216848373413e-02
5.470411852002143860e-02
3.058256804943084717e-01
-6.072666645050048828e-01
2.874628305435180664e-01
-5.199816226959228516e-01
9.272261261940002441e-01
-3.056096844375133514e-02
-9.683836102485656738e-01
5.850746035575866699e-01
2.681998722255229950e-02
2.907324135303497314e-01
1.707677245140075684e+00
