-4.518245160579681396e-01
-4.010998010635375977e-01
-1.348581552505493164e+00
-7.795047163963317871e-01
6.171800494194030762e-01
-7.371175289154052734e-01
8.044528216123580933e-02
1.228774785995483398e-01
1.214340448379516602e+00
-1.681682348251342773e+00
3.575161099433898926e-01
-7.469299435615539551e-01
-4.072285592555999756e-01
-7.519735693931579590e-01
5.617452859878540039e-01
-2.007629394531250000e+00
2.760565757751464844e+00
-1.484188318252563477e+00
-1.247120857238769531e+00
-2.413349598646163940e-01
6.717426776885986328e-01
-3.826484084129333496e-01
-1.484724283218383789e+00
8.654594421386718750e-01
-1.552247047424316406e+00
-7.635558843612670898e-01
4.629194736480712891e-01
1.246631741523742676e+00
-4.997348487377166748e-01
1.250568747520446777e+00
-1.005888953804969788e-01
-9.628099203109741211e-01
-1.928067445755004883e+00
9.382525682449340820e-01
-9.704098701477050781e-01
-6.428079605102539062e-01
7.160463929176330566e-01
-9.829517602920532227e-01
-5.866923928260803223e-01
9.700518846511840820e-01
-4.535764455795288086e-01
2.020753473043441772e-01
-7.797641754150390625e-01
-1.980863511562347412e-01
-1.307913303375244141e+00
1.118604898452758789e+00
1.490109264850616455e-01
1.451632380485534668e+00
1.346647977828979492e+00
8.862586691975593567e-04
-6.519653797149658203e-01
7.579674124717712402e-01
1.085409522056579590e+00
1.771301180124282837e-01
-3.517049849033355713e-01
1.294873237609863281e+00
-5.175850987434387207e-01
-8.256318569183349609e-01
1.572033464908599854e-01
1.247222661972045898e+00
-7.922809123992919922e-01
4.624101817607879639e-01
-6.388794183731079102e-01
-1.166135549545288086e+00
-1.012971401214599609e+00
1.858658909797668457e+00
-1.346876859664916992e+00
6.051436662673950195e-01
4.811955988407135010e-01
-5.497349500656127930e-01
-9.684023857116699219e-01
-8.188970386981964111e-02
-8.758003115653991699e-01
-3.355585336685180664e-01
2.607857942581176758e+00
-2.292221069335937500e+00
1.276408433914184570e+00
5.190130472183227539e-01
-1.125426888465881348e+00
6.669019460678100586e-01
1.710130810737609863e+00
1.152450889348983765e-01
5.478242635726928711e-01
8.079609274864196777e-01
-2.782519757747650146e-01
1.284913182258605957e+00
-9.532005190849304199e-01
5.082420706748962402e-01
1.192907810211181641e+00
3.669404089450836182e-01
1.490632891654968262e+00
-7.139199376106262207e-01
-2.944230139255523682e-01
2.727069854736328125e-01
-4.409950673580169678e-01
-5.866746902465820312e-01
-9.952551126480102539e-01
-2.786993682384490967e-01
1.126034140586853027e+00
-7.490245103836059570e-01
-2.154779285192489624e-01
7.531620264053344727e-01
1.428487896919250488e+00
-1.647674106061458588e-02
-1.102121829986572266e+00
2.708201706409454346e-01
-6.488263607025146484e-01
1.385618209838867188e+00
3.724134266376495361e-01
1.623835802078247070e+00
2.819499671459197998e-01
1.349656105041503906e+00
-7.756240367889404297e-01
-5.756943225860595703e-01
1.164006471633911133e+00
2.670593857765197754e-01
-3.559261560440063477e-01
1.710530519485473633e+00
-7.158383131027221680e-01
1.860857754945755005e-01
-1.460504382848739624e-01
9.099720120429992676e-01
-6.610005497932434082e-01
2.220805175602436066e-02
1.564508117735385895e-02
5.239665880799293518e-02
-5.683965682983398438e-01
-1.513051867485046387e+00
