-2.899523675441741943e-01
-1.070197939872741699e+00
-4.049434661865234375e-01
1.597337961196899414e+00
-2.604351639747619629e-01
-8.116545081138610840e-01
8.639838695526123047e-01
9.140112400054931641e-01
-1.021597862243652344e+00
1.025823712348937988e+00
-7.966498732566833496e-01
7.650619000196456909e-02
-1.179389834403991699e+00
7.416336238384246826e-02
-4.768460988998413086e-01
-8.183150887489318848e-01
-3.621129095554351807e-01
-1.157266259193420410e+00
-7.451304197311401367e-01
-1.246822625398635864e-01
6.777725219726562500e-01
-7.131645679473876953e-01
1.235009789466857910e+00
9.996228665113449097e-02
3.151296675205230713e-01
8.807634711265563965e-01
-1.024226844310760498e-01
7.592629790306091309e-01
1.255694627761840820e+00
-4.521162807941436768e-01
1.529071331024169922e-01
-6.023738980293273926e-01
-1.245355248451232910e+00
3.141600191593170166e-01
3.824806511402130127e-01
-6.825576424598693848e-01
1.596400976181030273e+00
-8.635889887809753418e-01
-2.599071264266967773e-01
-8.580518960952758789e-01
-7.627332806587219238e-01
2.148728966712951660e-01
6.025171279907226562e-01
2.771437168121337891e-01
1.166677996516227722e-01
6.476073861122131348e-01
-8.830751776695251465e-01
-6.706053614616394043e-01
-1.544457316398620605e+00
6.259713768959045410e-01
-5.085180997848510742e-01
-8.411690592765808105e-01
6.309272050857543945e-01
3.758757412433624268e-01
3.063917458057403564e-01
9.717401266098022461e-01
-1.322542071342468262e+00
-1.148686766624450684e+00
-6.215545535087585449e-01
3.900808840990066528e-02
3.058268725872039795e-01
-2.705528140068054199e-01
1.921905875205993652e-01
-8.523857593536376953e-01
7.151290029287338257e-02
4.281291365623474121e-01
-2.017447650432586670e-01
4.365151524543762207e-01
1.112942934036254883e+00
-5.599699616432189941e-01
-5.914272665977478027e-01
-1.365636706352233887e+00
-4.665351808071136475e-01
-5.809690356254577637e-01
-1.571585297584533691e+00
-1.390626311302185059e+00
-1.300372242927551270e+00
1.150797605514526367e+00
4.476710408926010132e-02
-5.606822371482849121e-01
2.737894952297210693e-01
-6.944527626037597656e-01
5.356219410896301270e-01
2.024400830268859863e-01
5.195810794830322266e-01
-1.412086129188537598e+00
-8.613908886909484863e-01
-1.138249397277832031e+00
-4.561140537261962891e-01
-6.128807663917541504e-01
9.739120602607727051e-01
-2.212032973766326904e-01
5.606006979942321777e-01
1.227172315120697021e-01
1.446423083543777466e-01
6.297785043716430664e-02
8.797287344932556152e-01
6.575477123260498047e-02
7.044377923011779785e-01
8.065809607505798340e-01
-7.769970893859863281e-01
2.706824243068695068e-01
-9.119998216629028320e-01
-4.841146469116210938e-01
-2.078234553337097168e-01
-2.461222261190414429e-01
1.335720181465148926e+00
-1.381679624319076538e-01
-7.374137639999389648e-01
5.967689156532287598e-01
-3.783352971076965332e-01
-7.681188583374023438e-01
2.577095031738281250e-01
-1.784227788448333740e-01
1.052582859992980957e-01
-1.017971634864807129e+00
1.029126286506652832e+00
-4.502750337123870850e-01
1.471589446067810059e+00
9.590992927551269531e-01
-3.536650836467742920e-01
-7.828159630298614502e-02
4.030916690826416016e-01
-9.877369999885559082e-01
-3.430506587028503418e-01
5.608994886279106140e-02
5.379015952348709106e-02
7.572545111179351807e-02
1.548065423965454102e+00
1.656938195228576660e+00
-7.309967875480651855e-01
-1.888732314109802246e-01
-8.157042860984802246e-01
-1.898682564496994019e-01
4.334101676940917969e-01
-7.952437996864318848e-01
-3.646183013916015625e-01
-1.985452651977539062e+00
8.856719732284545898e-01
5.243796110153198242e-01
3.720611631870269775e-01
-1.476254761219024658e-01
-4.845248460769653320e-01
-1.383359581232070923e-01
-1.539401769638061523e+00
8.125940561294555664e-01
2.130190581083297729e-01
1.991850852966308594e+00
-1.530198335647583008e+00
-5.380638241767883301e-01
1.248575448989868164e+00
-7.026395946741104126e-02
3.967305123805999756e-01
-9.097956418991088867e-01
-3.448936343193054199e-01
-6.161476373672485352e-01
-7.840773463249206543e-01
1.281779050827026367e+00
8.051142692565917969e-01
-4.500553607940673828e-01
-8.452748060226440430e-01
-6.188115850090980530e-02
2.605352997779846191e-01
1.897686868906021118e-01
-9.224194884300231934e-01
5.053921341896057129e-01
3.757418394088745117e-01
3.144538104534149170e-01
3.416789770126342773e-01
1.081295728683471680e+00
9.913384169340133667e-02
4.470053613185882568e-01
-8.105992078781127930e-01
-4.718892276287078857e-01
5.416492372751235962e-02
6.748133897781372070e-01
1.019193887710571289e+00
4.730690643191337585e-02
-5.855154991149902344e-01
-1.490468382835388184e+00
2.432501614093780518e-01
4.247753322124481201e-01
3.864784538745880127e-01
-9.504804611206054688e-01
-1.561276465654373169e-01
-1.114417433738708496e+00
9.262915253639221191e-01
1.023383498191833496e+00
-5.630341544747352600e-02
-3.831027746200561523e-01
1.415785551071166992e-01
-3.029340505599975586e-01
-5.721760988235473633e-01
2.373013794422149658e-01
4.862826168537139893e-01
1.587942600250244141e+00
-8.895795941352844238e-01
6.954842209815979004e-01
-1.819894194602966309e+00
-8.591079711914062500e-01
-5.345115661621093750e-01
-1.592806577682495117e-01
1.915511041879653931e-01
2.082248628139495850e-01
-1.694704443216323853e-01
1.605491936206817627e-01
2.147452533245086670e-01
-1.731286197900772095e-01
4.950878918170928955e-01
6.764361858367919922e-01
-1.781031489372253418e-01
4.715617299079895020e-01
1.135964274406433105e+00
-1.210958361625671387e+00
-1.527273058891296387e+00
4.268621504306793213e-01
3.027727901935577393e-01
1.376796513795852661e-01
1.131222471594810486e-01
-2.265687286853790283e-01
-7.367905378341674805e-01
6.245105862617492676e-01
2.296770960092544556e-01
-9.299410134553909302e-02
-4.989117980003356934e-01
-3.897197842597961426e-01
-3.513362407684326172e-01
2.553153336048126221e-01
1.087420701980590820e+00
-1.296531260013580322e-01
7.953212857246398926e-01
-8.716863989830017090e-01
7.106547355651855469e-01
3.349897563457489014e-01
1.064923033118247986e-01
1.471273064613342285e+00
4.507535398006439209e-01
6.965035796165466309e-01
-1.106990098953247070e+00
-1.098299264907836914e+00
-1.848432540893554688e+00
-1.862822920083999634e-01
-1.338655114173889160e+00
-1.188892602920532227e+00
1.065964579582214355e+00
1.567108392715454102e+00
-3.100824058055877686e-01
-1.235884547233581543e+00
-5.179653167724609375e-01
-8.911792933940887451e-02
5.401909351348876953e-01
-6.264146566390991211e-01
-2.490072399377822876e-01
-3.758535161614418030e-02
3.083653189241886139e-02
5.431438088417053223e-01
6.589983701705932617e-01
3.601614534854888916e-01
-9.771104156970977783e-02
-1.381334900856018066e+00
2.172999829053878784e-01
-1.035406962037086487e-01
-6.560180783271789551e-01
7.939911484718322754e-01
-1.117372751235961914e+00
4.356508851051330566e-01
1.060487031936645508e+00
-8.411540389060974121e-01
5.941607356071472168e-01
-2.841218709945678711e-01
-1.602423489093780518e-01
-9.019329547882080078e-01
5.377896428108215332e-01
3.798323273658752441e-01
1.217565774917602539e+00
-7.843773365020751953e-01
-6.069647669792175293e-01
1.595182657241821289e+00
1.432311087846755981e-01
-1.589375615119934082e+00
-2.848141193389892578e-01
-8.796249032020568848e-01
-9.632583856582641602e-01
1.093020796775817871e+00
-4.372635111212730408e-02
-1.381582498550415039e+00
3.027144372463226318e-01
2.401552200317382812e-01
-2.700393438339233398e+00
-6.534984111785888672e-01
1.152673721313476562e+00
-6.356557607650756836e-01
-1.825884222984313965e+00
1.911649465560913086e+00
-9.237582981586456299e-02
-1.111608505249023438e+00
-6.906643509864807129e-02
5.925760269165039062e-01
8.346285820007324219e-01
1.107331290841102600e-01
1.487872242927551270e+00
1.023337841033935547e+00
7.636753320693969727e-01
-8.565264940261840820e-02
6.723579764366149902e-01
2.239358425140380859e+00
4.097906053066253662e-01
6.948331594467163086e-01
-5.453202724456787109e-01
-5.890002250671386719e-01
-2.426910102367401123e-01
-2.662541866302490234e-01
8.927885890007019043e-01
-2.027961492538452148e+00
1.135891079902648926e+00
-7.654691338539123535e-01
-7.217912673950195312e-01
7.461312413215637207e-01
-6.444493532180786133e-01
-9.617450237274169922e-01
-1.435723602771759033e-01
3.631254136562347412e-01
1.080819129943847656e+00
1.291754394769668579e-01
1.097738981246948242e+00
-8.572798371315002441e-01
1.344917297363281250e+00
7.002625465393066406e-01
-1.037423253059387207e+00
-9.377581477165222168e-01
9.135941267013549805e-01
-5.888524651527404785e-01
-6.257221102714538574e-01
-1.459697246551513672e+00
-1.168723583221435547e+00
-1.957143098115921021e-01
6.634926199913024902e-01
3.716804087162017822e-01
1.008897185325622559e+00
1.218361258506774902e+00
-9.052006006240844727e-01
1.036958098411560059e+00
3.644086420536041260e-01
2.706255197525024414e+00
-8.892194926738739014e-02
-1.553650975227355957e+00
2.721703350543975830e-01
4.683163762092590332e-01
-3.082013428211212158e-01
-1.514447450637817383e+00
-6.171627640724182129e-01
7.371663451194763184e-01
-1.798679471015930176e+00
-5.843819379806518555e-01
5.263578891754150391e-01
5.832862257957458496e-01
1.102775692939758301e+00
-2.053375959396362305e+00
4.000846743583679199e-01
-5.112581253051757812e-01
-2.346713244915008545e-01
3.197764456272125244e-01
-8.517100811004638672e-01
9.017595648765563965e-02
-1.347242116928100586e+00
-2.092759758234024048e-01
-1.949301064014434814e-01
-4.147055447101593018e-01
-4.668143689632415771e-01
-4.947533831000328064e-02
2.997326254844665527e-01
7.030869126319885254e-01
-6.599729061126708984e-01
2.479314059019088745e-01
1.362317562103271484e+00
1.498838663101196289e-01
8.456506133079528809e-01
-1.873449683189392090e+00
-1.404029250144958496e+00
1.237626969814300537e-01
-4.726818799972534180e-01
1.831750422716140747e-01
6.160261631011962891e-01
-6.435477733612060547e-02
-1.077121615409851074e+00
1.931051164865493774e-02
-2.447283416986465454e-01
1.540675163269042969e+00
7.052301168441772461e-01
1.976774781942367554e-01
-2.243506312370300293e-01
7.021743655204772949e-01
-1.198043107986450195e+00
3.312793374061584473e-02
-6.733962893486022949e-01
-2.102856189012527466e-01
-4.745979607105255127e-01
-7.057575583457946777e-01
-1.127873897552490234e+00
-8.448576927185058594e-01
1.568036556243896484e+00
1.544086813926696777e+00
-2.231033146381378174e-01
1.846945732831954956e-01
1.623203992843627930e+00
5.662480592727661133e-01
5.924602746963500977e-01
-4.683634266257286072e-02
-9.581634402275085449e-01
-5.277172923088073730e-01
-1.414154887199401855e+00
-2.242319099605083466e-02
1.192399740219116211e+00
1.540920734405517578e-01
4.881888628005981445e-02
8.678499460220336914e-01
-1.276420801877975464e-01
1.190747022628784180e+00
4.675482511520385742e-01
-9.289587289094924927e-02
1.129546854645013809e-02
1.652284502983093262e+00
-5.190811753273010254e-01
-5.245692729949951172e-01
9.137676656246185303e-02
-1.004655838012695312e+00
6.413234472274780273e-01
-4.644453525543212891e-01
-1.104391515254974365e-01
-1.480226516723632812e-01
-9.105184078216552734e-01
1.646886914968490601e-01
3.360057622194290161e-02
1.472601592540740967e-01
1.574400812387466431e-01
8.427591323852539062e-01
-8.051231503486633301e-02
1.952399730682373047e+00
-8.071535266935825348e-03
6.202356219291687012e-01
5.613060593605041504e-01
-1.471571326255798340e-01
3.117493689060211182e-01
1.184720396995544434e+00
6.457453966140747070e-01
-2.102042436599731445e-01
1.079418897628784180e+00
7.586552500724792480e-01
1.548070311546325684e-01
4.936133921146392822e-01
-3.590014576911926270e-01
-1.243153214454650879e+00
1.242206215858459473e+00
1.823138952255249023e+00
-3.747853338718414307e-01
6.733134388923645020e-01
-1.540938258171081543e+00
4.492567777633666992e-01
4.962254762649536133e-01
1.592459082603454590e+00
1.004933044314384460e-01
4.066442847251892090e-01
-8.223564624786376953e-01
5.474438890814781189e-02
-1.552631556987762451e-01
1.152186870574951172e+00
7.430231571197509766e-01
-1.134183168411254883e+00
-1.514852643013000488e+00
-1.027175039052963257e-01
-3.805616796016693115e-01
1.431138277053833008e+00
-2.560562491416931152e-01
-8.356119990348815918e-01
1.176411032676696777e+00
-6.638052463531494141e-01
4.955910742282867432e-01
1.525374531745910645e+00
3.067038357257843018e-01
7.650368660688400269e-02
1.211324810981750488e+00
9.731819033622741699e-01
5.820617675781250000e-01
6.376380920410156250e-01
5.142377018928527832e-01
-5.042443275451660156e-01
-6.040229648351669312e-02
1.103660583496093750e+00
9.996150732040405273e-01
6.030497550964355469e-01
1.054205894470214844e-01
-6.159274578094482422e-01
-3.018875420093536377e-01
-2.804910540580749512e-01
2.135164439678192139e-01
8.558233976364135742e-01
-1.282071769237518311e-01
7.148930430412292480e-01
-1.996160745620727539e-01
-7.058494091033935547e-01
-2.621488273143768311e-01
7.336577773094177246e-01
-7.274383306503295898e-01
2.213263511657714844e-01
-8.186479210853576660e-01
-8.046906590461730957e-01
2.236057072877883911e-01
9.292976856231689453e-01
-2.812736928462982178e-01
1.729182153940200806e-01
1.288233160972595215e+00
-8.094704747200012207e-01
3.052829504013061523e-01
-4.257592260837554932e-01
-1.251052737236022949e+00
-1.346218436956405640e-01
-1.129651907831430435e-02
-6.694936156272888184e-01
5.712628364562988281e-01
9.418446421623229980e-01
-5.663052201271057129e-01
-1.012351870536804199e+00
2.939853072166442871e-01
-6.537649035453796387e-01
6.933956742286682129e-01
-1.774686932563781738e+00
-4.608097970485687256e-01
-2.303300797939300537e-01
-1.898086369037628174e-01
4.161371290683746338e-01
6.418220996856689453e-01
-3.650650382041931152e-01
1.711665868759155273e+00
-1.443928480148315430e+00
4.069180190563201904e-01
1.643445849418640137e+00
-5.272601842880249023e-01
-1.722083210945129395e+00
-2.795647680759429932e-01
-7.968549728393554688e-01
4.052090048789978027e-01
2.564193606376647949e-01
-8.050464391708374023e-01
4.089273884892463684e-02
-2.899828255176544189e-01
-1.633790612220764160e+00
-1.005229711532592773e+00
-1.063572525978088379e+00
1.206981204450130463e-02
5.514351725578308105e-01
7.402116060256958008e-01
-6.695291399955749512e-01
6.463121771812438965e-01
-5.213574692606925964e-02
1.168555170297622681e-01
-5.343978479504585266e-02
2.314242869615554810e-01
-1.375123262405395508e+00
6.724886894226074219e-01
-1.330714076757431030e-01
6.987685561180114746e-01
1.756044477224349976e-01
-9.509414434432983398e-01
8.507502824068069458e-02
4.769815504550933838e-01
6.526592373847961426e-01
2.972500562667846680e+00
-5.688545107841491699e-01
-4.681046009063720703e-01
1.046473085880279541e-01
-8.424542844295501709e-02
-1.446522655896842480e-03
1.760023981332778931e-01
2.593885064125061035e-01
-5.032249093055725098e-01
-6.300875544548034668e-01
-5.686646103858947754e-01
-3.422268033027648926e-01
1.049405574798583984e+00
3.470171093940734863e-01
-5.183019042015075684e-01
-5.705699324607849121e-01
2.941905975341796875e+00
3.686647489666938782e-02
-3.520004749298095703e-01
6.347259283065795898e-01
2.980686128139495850e-01
8.452395796775817871e-01
-9.368918538093566895e-01
-4.129675030708312988e-01
2.151208966970443726e-01
-7.294418215751647949e-01
-5.295837521553039551e-01
-9.843688458204269409e-02
-7.931491732597351074e-02
-2.454432696104049683e-01
-9.404096603393554688e-01
3.583302497863769531e-01
1.870744526386260986e-01
5.541835427284240723e-01
-4.454263746738433838e-01
-2.121625691652297974e-01
-2.159389972686767578e+00
2.793336808681488037e-01
3.608716130256652832e-01
5.337034463882446289e-01
7.038724422454833984e-01
1.480281829833984375e+00
-1.275235533714294434e+00
1.395857185125350952e-01
7.754019498825073242e-01
-9.678485989570617676e-02
-5.165182948112487793e-01
5.624464154243469238e-01
-6.857578754425048828e-01
7.555350065231323242e-01
8.871785998344421387e-01
2.825054526329040527e-01
4.862871468067169189e-01
-6.433103084564208984e-01
-3.577424585819244385e-01
-5.483661890029907227e-01
5.679033324122428894e-02
-5.823177695274353027e-01
-2.347046434879302979e-01
1.869367480278015137e+00
-4.387954473495483398e-01
7.575747370719909668e-01
8.071925640106201172e-01
1.111458659172058105e+00
4.745076894760131836e-01
-2.561417818069458008e-01
-4.883831441402435303e-01
-2.771175839006900787e-02
-7.823920845985412598e-01
5.874324217438697815e-02
8.513114452362060547e-01
9.000164270401000977e-01
-6.818148493766784668e-01
-1.273592114448547363e-01
5.711277723312377930e-01
3.243030309677124023e-01
-3.815462887287139893e-01
9.794152528047561646e-02
-5.709785223007202148e-02
-3.013311028480529785e-01
-3.867474794387817383e-01
3.658275604248046875e-01
1.189436316490173340e+00
8.378244638442993164e-01
-1.611600220203399658e-01
1.234829068183898926e+00
-8.359333872795104980e-01
-3.095411881804466248e-02
-9.655277132987976074e-01
-1.129492998123168945e+00
-5.721326470375061035e-01
3.307387828826904297e-01
-1.349325478076934814e-01
5.864274501800537109e-02
2.372621791437268257e-03
9.137865304946899414e-01
7.380398511886596680e-01
-2.514874041080474854e-01
1.893002986907958984e-01
1.128914654254913330e-01
1.726170778274536133e+00
-1.420451849699020386e-01
-1.523870229721069336e+00
-6.020162701606750488e-01
-1.102397799491882324e+00
7.577032446861267090e-01
-1.947821974754333496e-01
9.087982177734375000e-01
-6.644926071166992188e-01
-9.821000695228576660e-01
-1.002082228660583496e+00
-4.770388901233673096e-01
6.487629413604736328e-01
-4.588930308818817139e-02
-6.110271215438842773e-01
1.115613818168640137e+00
-5.053072571754455566e-01
-6.525558829307556152e-01
1.054533645510673523e-01
1.475822210311889648e+00
-8.543767035007476807e-02
-7.299393415451049805e-01
-1.778097003698348999e-01
-8.468966484069824219e-01
3.702937960624694824e-01
-9.181709885597229004e-01
8.784118890762329102e-01
-3.391523659229278564e-01
-1.514603376388549805e+00
-5.209726095199584961e-01
-3.724259734153747559e-01
1.577180624008178711e+00
6.660022735595703125e-01
1.678635716438293457e+00
1.403819173574447632e-01
-1.334894061088562012e+00
6.847168803215026855e-01
4.855451881885528564e-01
-5.375038087368011475e-02
5.995873212814331055e-01
1.326891541481018066e+00
-1.150748848915100098e+00
7.498657703399658203e-01
-9.391969442367553711e-01
-3.119603395462036133e-01
-1.031840801239013672e+00
-5.303645730018615723e-01
-4.220011234283447266e-01
1.072039246559143066e+00
4.859593808650970459e-01
1.563115976750850677e-02
3.814117014408111572e-01
-5.577452778816223145e-01
-4.810045063495635986e-01
8.474861383438110352e-01
3.648803532123565674e-01
7.835224270820617676e-01
-3.501908108592033386e-02
7.670741677284240723e-01
-2.067963629961013794e-01
2.720810472965240479e-01
-7.391152381896972656e-01
-7.918699830770492554e-02
-7.202208638191223145e-01
-1.179706811904907227e+00
-1.046022534370422363e+00
1.291768392547965050e-03
1.525490731000900269e-01
3.004296422004699707e-01
6.406670212745666504e-01
7.949607968330383301e-01
-6.286343187093734741e-02
5.745908617973327637e-01
-4.936898052692413330e-01
-9.836186170578002930e-01
6.184012889862060547e-01
5.813680589199066162e-02
1.434390544891357422e-01
7.564039230346679688e-01
-1.044767737388610840e+00
4.718878865242004395e-01
1.587095558643341064e-01
6.238162517547607422e-01
1.169240951538085938e+00
-1.043312430381774902e+00
1.109589338302612305e+00
-5.532888174057006836e-01
-8.023368120193481445e-01
7.181777060031890869e-02
4.451336264610290527e-01
1.455335021018981934e+00
8.612176179885864258e-01
1.040522217750549316e+00
-4.683741927146911621e-01
-6.943975687026977539e-01
3.607171475887298584e-01
-2.051298469305038452e-01
-7.853989601135253906e-01
-1.202907562255859375e+00
-5.200319290161132812e-01
-9.934045076370239258e-01
4.932518303394317627e-01
7.296434640884399414e-01
-1.039403676986694336e+00
-6.794656068086624146e-02
-1.195071578025817871e+00
-1.802542686462402344e+00
5.936781167984008789e-01
-5.386952757835388184e-01
-1.449992179870605469e+00
-8.698883652687072754e-01
-1.795359849929809570e-01
-5.000947117805480957e-01
8.895222544670104980e-01
1.789249181747436523e-01
1.291739344596862793e-01
-9.490025639533996582e-01
-1.054271221160888672e+00
7.302237153053283691e-01
2.741197943687438965e-01
3.776000142097473145e-01
1.120902895927429199e-01
-1.322320252656936646e-01
3.392969369888305664e-01
3.867616951465606689e-01
-7.187365889549255371e-01
-4.915759861469268799e-01
1.176437377929687500e+00
7.304469943046569824e-01
-8.829895853996276855e-01
8.785245567560195923e-02
1.273191094398498535e+00
-1.276871841400861740e-02
6.235913634300231934e-01
7.635498642921447754e-01
9.924607276916503906e-01
4.941945970058441162e-01
-4.177573621273040771e-01
-1.078094720840454102e+00
-1.210725069046020508e+00
4.826392978429794312e-02
1.088152267038822174e-02
5.830386877059936523e-01
5.972052812576293945e-01
1.233665466308593750e+00
5.043425559997558594e-01
1.023174524307250977e+00
6.410054117441177368e-02
1.390694499015808105e+00
1.297278165817260742e+00
4.563429355621337891e-01
3.303112983703613281e-01
-2.528135180473327637e-01
3.347498476505279541e-01
-7.560257315635681152e-01
1.013555824756622314e-01
2.020472139120101929e-01
1.365171074867248535e-01
5.763346552848815918e-01
9.920018911361694336e-01
6.207633018493652344e-01
1.389363646507263184e+00
-8.294168114662170410e-01
8.742457032203674316e-01
-1.376669049263000488e+00
-8.695166110992431641e-01
-1.854220479726791382e-01
-1.093084692955017090e+00
1.384391486644744873e-01
5.480017662048339844e-01
5.526242852210998535e-01
1.218400597572326660e+00
-5.992882251739501953e-01
2.286877632141113281e-01
1.114520430564880371e+00
-2.002071857452392578e+00
1.081525564193725586e+00
1.649032533168792725e-01
-4.947781264781951904e-01
2.660969197750091553e-01
-8.538869023323059082e-01
-1.089711487293243408e-01
-1.981902241706848145e+00
-2.147394865751266479e-01
-3.016200363636016846e-01
1.927708685398101807e-01
1.161784410476684570e+00
-1.436398148536682129e+00
-1.142186641693115234e+00
-6.066839098930358887e-01
-3.383707106113433838e-01
4.173611402511596680e-01
-1.987899899482727051e+00
3.959105312824249268e-01
3.864736258983612061e-01
6.881923675537109375e-01
9.283673763275146484e-02
-7.580856233835220337e-02
-9.365732669830322266e-01
5.668043494224548340e-01
-4.011672735214233398e-01
-7.612096071243286133e-01
-2.478104680776596069e-01
-1.330678701400756836e+00
-8.366194367408752441e-02
5.241005122661590576e-02
-2.586068511009216309e-01
-5.727975368499755859e-01
1.061017274856567383e+00
1.125638008117675781e+00
-8.402608335018157959e-02
-4.600292742252349854e-01
-2.155969142913818359e-01
-5.188366770744323730e-01
-1.301041245460510254e+00
3.329177796840667725e-01
-4.247573316097259521e-01
-1.166924357414245605e+00
1.659209012985229492e+00
1.768149137496948242e+00
-6.112015247344970703e-01
1.695073246955871582e-01
7.537385225296020508e-01
-2.970926463603973389e-01
2.484263330698013306e-01
-8.052134513854980469e-02
7.604526877403259277e-01
-1.822451591491699219e+00
-5.184184908866882324e-01
1.370515584945678711e+00
-6.009583473205566406e-01
-1.227173328399658203e+00
1.856601357460021973e+00
-9.043692350387573242e-01
7.212814688682556152e-02
-1.215248033404350281e-01
5.516787767410278320e-01
1.255008339881896973e+00
1.207052707672119141e+00
1.907447278499603271e-01
-6.154289245605468750e-01
-7.256531715393066406e-01
3.681271970272064209e-01
-1.499866843223571777e-01
3.053227961063385010e-01
7.965864539146423340e-01
-1.134991288185119629e+00
1.143587976694107056e-01
9.447342157363891602e-01
-2.813549935817718506e-01
2.615734934806823730e-01
6.870731115341186523e-01
-1.247638985514640808e-01
3.964007794857025146e-01
-6.656894087791442871e-01
-3.192515969276428223e-01
3.621615469455718994e-01
-3.347800374031066895e-01
-3.899093866348266602e-01
-3.476065993309020996e-01
-2.917032539844512939e-01
1.248514652252197266e+00
4.243860542774200439e-01
-9.342560917139053345e-02
-6.274588704109191895e-01
-1.728350073099136353e-01
4.459537938237190247e-02
4.366769641637802124e-02
-2.332200050354003906e+00
1.923123955726623535e+00
-1.528065562248229980e+00
-7.360877394676208496e-01
-1.805312931537628174e-01
-7.581742107868194580e-02
3.421816229820251465e-01
-1.394236922264099121e+00
1.219999074935913086e+00
-4.134881198406219482e-01
9.951680898666381836e-01
1.734639108180999756e-01
-1.708889603614807129e+00
6.715072989463806152e-01
9.444280266761779785e-01
-6.698521375656127930e-01
-1.895303726196289062e-01
6.635770797729492188e-01
9.942314028739929199e-01
2.399504184722900391e-02
3.124415278434753418e-01
-2.395027084276080132e-03
3.913783133029937744e-01
8.280920237302780151e-02
2.366203069686889648e-01
-1.093928366899490356e-01
2.505301535129547119e-01
-4.889581799507141113e-01
1.489148020744323730e+00
9.029478430747985840e-01
3.441357016563415527e-01
4.216569662094116211e-01
-1.960126876831054688e+00
1.753914915025234222e-02
2.052260339260101318e-01
1.611666679382324219e-01
-1.533631324768066406e+00
5.180250480771064758e-02
-5.260896086692810059e-01
6.925958991050720215e-01
-4.200810790061950684e-01
-1.231489539146423340e+00
1.664871454238891602e+00
-7.198606729507446289e-01
5.668917298316955566e-01
4.990947842597961426e-01
-1.651326179504394531e+00
-4.507165253162384033e-01
-1.696401357650756836e+00
1.197665408253669739e-01
1.659926027059555054e-01
-9.497225284576416016e-01
6.275848746299743652e-01
6.666957139968872070e-01
2.340003252029418945e-01
-3.516476154327392578e-01
1.049485683441162109e+00
-1.314458966255187988e+00
1.464681625366210938e+00
1.220617219805717468e-01
1.022391915321350098e+00
1.303691625595092773e+00
2.992570102214813232e-01
1.014526128768920898e+00
1.046926453709602356e-01
-3.777273297309875488e-01
