-9.679949879646301270e-01
-4.261162579059600830e-01
-6.135213375091552734e-01
-3.825066685676574707e-01
2.519515454769134521e-01
-1.635197639465332031e+00
-7.398723959922790527e-01
-6.251444220542907715e-01
-1.309608668088912964e-01
-1.317430853843688965e+00
3.711937367916107178e-01
1.320903539657592773e+00
4.789057075977325439e-01
2.673024535179138184e-01
-9.348816871643066406e-01
2.042095661163330078e+00
3.722829520702362061e-01
-4.830909967422485352e-01
1.167956590652465820e+00
6.504678726196289062e-01
-1.005025863647460938e+00
-3.926333189010620117e-01
6.381927132606506348e-01
8.589729070663452148e-01
-6.663218140602111816e-01
5.197425931692123413e-02
-3.014715015888214111e-01
1.644358754158020020e+00
-6.728582978248596191e-01
9.952869415283203125e-01
1.119558334350585938e+00
8.599789142608642578e-01
-1.120143890380859375e+00
3.232788443565368652e-01
-2.544554233551025391e+00
2.164171449840068817e-02
2.940173745155334473e-01
-6.483179926872253418e-01
5.925715565681457520e-01
-4.033349454402923584e-01
1.269677639007568359e+00
-8.529074788093566895e-01
1.019517540931701660e+00
-2.826689556241035461e-02
7.784599065780639648e-01
-1.526468157768249512e+00
2.536517940461635590e-02
-2.006477862596511841e-02
6.941452026367187500e-01
-1.148421287536621094e+00
3.174263834953308105e-01
1.649106502532958984e+00
1.488383561372756958e-01
5.129953622817993164e-01
-2.786785066127777100e-01
6.756108403205871582e-01
-2.178859710693359375e-01
1.416965007781982422e+00
-3.802960813045501709e-01
-4.556027054786682129e-01
4.566876217722892761e-02
-3.828447759151458740e-01
-6.206597685813903809e-01
1.209654688835144043e+00
1.598330885171890259e-01
-1.184999823570251465e+00
7.628777623176574707e-01
8.928568363189697266e-01
-3.486506342887878418e-01
-1.199840426445007324e+00
1.730715155601501465e+00
1.472742855548858643e-01
1.760499328374862671e-01
8.885581791400909424e-02
-7.308109402656555176e-01
-1.036769628524780273e+00
1.210941910743713379e+00
-8.045517802238464355e-01
1.528479814529418945e+00
1.463450342416763306e-01
-6.189277023077011108e-02
-4.237938225269317627e-01
-7.494889497756958008e-01
-9.249545335769653320e-01
-3.026548624038696289e-01
8.735487461090087891e-01
6.378080248832702637e-01
8.864397406578063965e-01
1.694136559963226318e-01
-1.061921119689941406e+00
-2.769110500812530518e-01
-1.182726979255676270e+00
9.851752966642379761e-02
-3.705998361110687256e-01
3.641284406185150146e-01
-2.472450584173202515e-01
5.331225991249084473e-01
1.441950321197509766e+00
1.747723102569580078e+00
3.408063352108001709e-01
-1.021755695343017578e+00
-1.841768622398376465e-02
-7.489724159240722656e-01
-1.472083330154418945e-01
-1.147522091865539551e+00
-1.966198325157165527e+00
-1.477691411972045898e+00
-8.751008510589599609e-01
-6.726995110511779785e-01
1.203371882438659668e+00
-5.857334285974502563e-02
5.821928977966308594e-01
-7.580978274345397949e-01
-4.996918737888336182e-01
1.700161337852478027e+00
7.031385600566864014e-02
-7.810844182968139648e-01
1.098023653030395508e+00
-7.728311419486999512e-01
-6.403847932815551758e-01
5.742227435111999512e-01
-3.969648480415344238e-01
-1.537410378456115723e+00
6.074845325201749802e-03
-4.908112585544586182e-01
5.816020369529724121e-01
1.512043356895446777e+00
4.886484821327030659e-04
-4.083113968372344971e-01
-7.797545790672302246e-01
1.787388205528259277e+00
6.200602054595947266e-01
2.574653364717960358e-02
-8.838487416505813599e-02
-6.570720076560974121e-01
7.960742115974426270e-01
-2.542618662118911743e-02
9.595339298248291016e-01
-7.403072118759155273e-01
5.098358392715454102e-01
2.224373519420623779e-01
-3.560677170753479004e-02
4.590929299592971802e-02
1.587854385375976562e+00
7.854235172271728516e-01
-3.783991932868957520e-01
-1.121684312820434570e+00
7.830868959426879883e-01
3.954069018363952637e-01
-9.321526288986206055e-01
-6.769363284111022949e-01
4.278691709041595459e-01
-1.740303821861743927e-03
-1.971535563468933105e+00
6.269037723541259766e-02
-1.416872024536132812e+00
1.118478298187255859e+00
-3.080699741840362549e-01
-1.397530287504196167e-01
-2.498724460601806641e+00
-3.301239013671875000e-02
-1.491914749145507812e+00
-7.210553884506225586e-01
-1.112136960029602051e+00
-2.050602436065673828e-02
7.341282367706298828e-01
-1.991346627473831177e-01
-6.413903832435607910e-01
-6.774635910987854004e-01
2.012021243572235107e-01
3.480525910854339600e-01
-1.658409237861633301e+00
-1.333981871604919434e+00
-1.514050513505935669e-01
-7.181001901626586914e-01
4.654464423656463623e-01
-2.263842970132827759e-01
6.453247666358947754e-01
6.321075558662414551e-01
1.043105721473693848e-01
9.947400093078613281e-01
-2.807561457157135010e-01
7.312113642692565918e-01
7.957999110221862793e-01
1.591099977493286133e+00
-1.220581293106079102e+00
1.224845886230468750e+00
2.085566997528076172e+00
4.162094891071319580e-01
-5.565156340599060059e-01
4.803707003593444824e-01
3.755422234535217285e-01
5.767114162445068359e-01
-7.865012884140014648e-01
-1.392424345016479492e+00
4.094999134540557861e-01
-1.731251776218414307e-01
1.269246190786361694e-01
-1.406678855419158936e-01
-4.509723186492919922e-01
1.120354056358337402e+00
-3.908402919769287109e-01
-2.512264251708984375e-01
-2.826280891895294189e-01
-1.486719250679016113e+00
-8.909114450216293335e-02
1.521734833717346191e+00
1.233112812042236328e-01
-4.544383659958839417e-02
-9.756009578704833984e-01
-2.891983687877655029e-01
5.510504841804504395e-01
-3.964266926050186157e-02
-1.281449675559997559e+00
-9.579104185104370117e-01
-4.594276547431945801e-01
1.947655320167541504e+00
5.468189120292663574e-01
4.731853008270263672e-01
1.582245111465454102e+00
-1.358779907226562500e+00
8.989486098289489746e-01
1.074940323829650879e+00
-4.468807280063629150e-01
1.390445947647094727e+00
8.237934857606887817e-02
-3.479760587215423584e-01
1.691702306270599365e-01
-9.202883392572402954e-02
2.210093736648559570e-01
-5.949405431747436523e-01
8.334115743637084961e-01
-4.236588180065155029e-01
6.896812915802001953e-01
2.147648036479949951e-01
6.866492629051208496e-01
-7.212088704109191895e-01
2.797988951206207275e-01
-9.636844992637634277e-01
4.506017267704010010e-02
8.059117794036865234e-01
1.455209732055664062e+00
-1.601111054420471191e+00
1.543459892272949219e+00
9.372716546058654785e-01
-2.358591318130493164e+00
9.766587018966674805e-01
1.294842600822448730e+00
1.921872615814208984e+00
-5.015214681625366211e-01
-2.388868480920791626e-01
-5.987236499786376953e-01
6.944297552108764648e-01
-9.874452948570251465e-01
-2.864155471324920654e-01
-6.138322949409484863e-01
-2.104091458022594452e-02
-1.031994462013244629e+00
1.836615800857543945e-01
-1.970104575157165527e+00
-5.440573096275329590e-01
-1.127571582794189453e+00
3.501196503639221191e-01
-2.240061387419700623e-02
-1.412824034690856934e+00
4.567473381757736206e-02
-8.490341901779174805e-01
-1.299730092287063599e-01
-9.010241031646728516e-01
7.365942597389221191e-01
1.933661580085754395e+00
1.461579680442810059e+00
-7.731126546859741211e-01
-5.236323177814483643e-02
-1.065915107727050781e+00
-1.089250296354293823e-01
9.516026377677917480e-01
-3.304419517517089844e-01
-5.536037087440490723e-01
7.307589054107666016e-01
-2.140076011419296265e-01
1.225942730903625488e+00
6.255292892456054688e-01
-1.087610721588134766e+00
6.325209140777587891e-01
-5.468536615371704102e-01
-8.801558613777160645e-01
-1.015586137771606445e+00
-2.349906414747238159e-02
7.314388751983642578e-01
-2.797107398509979248e-01
-1.073596328496932983e-01
1.503305077552795410e+00
-2.148337811231613159e-01
-7.198021411895751953e-01
-1.046746850013732910e+00
-1.232336163520812988e+00
8.977697491645812988e-01
6.351676583290100098e-01
7.203890681266784668e-01
7.867985367774963379e-01
-2.773277163505554199e-01
1.851535201072692871e+00
1.436749696731567383e+00
1.396340429782867432e-01
-7.001993656158447266e-01
8.721663355827331543e-01
-2.148465156555175781e+00
4.580460488796234131e-01
-7.908872365951538086e-01
-2.470797747373580933e-01
-3.846635222434997559e-01
-1.701841711997985840e+00
-3.340900242328643799e-01
-2.287244200706481934e-01
1.472171306610107422e+00
-1.675662994384765625e-01
-9.335826635360717773e-01
-6.361621618270874023e-01
8.204790353775024414e-01
4.700339138507843018e-01
-3.637788295745849609e-01
1.187995910644531250e+00
1.396407037973403931e-01
-1.050958633422851562e+00
-2.705311179161071777e-01
5.035602450370788574e-01
4.507276415824890137e-01
-2.925258278846740723e-01
-1.413944959640502930e+00
1.344093978404998779e-01
-3.745267391204833984e-01
1.216213218867778778e-02
-7.752409577369689941e-01
5.178599953651428223e-01
2.885237634181976318e-01
9.284147024154663086e-01
-1.576577067375183105e+00
1.558410406112670898e+00
1.458831310272216797e+00
5.240148901939392090e-01
-7.842643260955810547e-01
-3.196685314178466797e-01
9.226776361465454102e-01
1.387811005115509033e-01
-1.084318518638610840e+00
5.646908283233642578e-01
-1.238448023796081543e-01
-5.923372507095336914e-01
5.528245568275451660e-01
3.334910273551940918e-01
-6.541751623153686523e-01
-3.825467824935913086e-01
2.171574592590332031e+00
-1.105813533067703247e-01
1.746591567993164062e+00
-9.819170236587524414e-01
-3.402636349201202393e-01
1.399215936660766602e+00
-1.236141845583915710e-01
-1.624567806720733643e-02
5.243475437164306641e-01
-8.767468929290771484e-01
1.711804717779159546e-01
-5.468169450759887695e-01
3.513023257255554199e-01
3.234013319015502930e-01
-1.682317852973937988e+00
4.008582234382629395e-01
4.295158386230468750e-01
-4.165627658367156982e-01
-1.200539946556091309e+00
-3.410167396068572998e-01
-2.116341441869735718e-01
-6.221703886985778809e-01
1.391512393951416016e+00
9.759183526039123535e-01
3.933316469192504883e-01
-6.430170536041259766e-01
-3.706183135509490967e-01
6.124280095100402832e-01
1.290725231170654297e+00
-4.018682241439819336e-01
-9.750382900238037109e-01
1.162504673004150391e+00
-1.368768215179443359e+00
-2.489883452653884888e-01
6.690143942832946777e-01
-1.197811067104339600e-01
-2.438561439514160156e+00
5.009956955909729004e-01
1.339805722236633301e-01
2.381356000900268555e+00
-1.210632443428039551e+00
-3.076694607734680176e-01
4.584867358207702637e-01
-3.100169822573661804e-02
-6.457946300506591797e-01
-5.322160124778747559e-01
-1.212099552154541016e+00
-6.561377644538879395e-01
-6.510777473449707031e-01
8.071912527084350586e-01
3.705655038356781006e-01
1.740851759910583496e+00
6.883715391159057617e-01
-1.042925000190734863e+00
-7.492805719375610352e-01
8.185912966728210449e-01
-1.336856365203857422e+00
-7.007428407669067383e-01
-6.973970532417297363e-01
2.079017162322998047e-01
6.916591525077819824e-01
-1.384137988090515137e+00
1.777762055397033691e+00
-1.122375011444091797e+00
-1.068114519119262695e+00
7.941901683807373047e-01
1.535121202468872070e-01
-1.175307512283325195e+00
6.112371087074279785e-01
3.565935492515563965e-01
-4.827648401260375977e-01
-9.395905137062072754e-01
1.353906393051147461e+00
1.724997907876968384e-01
-5.181707143783569336e-01
2.324606031179428101e-01
4.281858727335929871e-02
3.310886621475219727e-01
1.291817307472229004e+00
9.063783288002014160e-01
4.311033785343170166e-01
-3.570256382226943970e-02
-2.154551595449447632e-01
-3.014817535877227783e-01
6.546520590782165527e-01
-4.062621891498565674e-01
7.727059721946716309e-01
-8.513458967208862305e-01
-1.476297140121459961e+00
-1.960559040307998657e-01
6.117128133773803711e-01
1.563684642314910889e-01
5.651448965072631836e-01
-4.864519461989402771e-02
-6.200183033943176270e-01
-6.960046291351318359e-01
-1.083667874336242676e+00
1.265976667404174805e+00
-2.238000482320785522e-01
-7.258517742156982422e-01
4.934081733226776123e-01
3.142457008361816406e+00
9.560620188713073730e-01
-5.447025969624519348e-02
2.373482882976531982e-01
-4.287528097629547119e-01
-1.270720005035400391e+00
1.580593824386596680e+00
2.353450775146484375e+00
7.463303804397583008e-01
1.117288827896118164e+00
2.604495584964752197e-01
2.020328521728515625e+00
4.661671072244644165e-02
-1.100236415863037109e+00
4.399793744087219238e-01
6.710461974143981934e-01
-2.674584090709686279e-01
-1.587131917476654053e-01
-4.211153686046600342e-01
-3.765971362590789795e-01
5.108926296234130859e-01
-1.013346791267395020e+00
6.863420009613037109e-01
-1.317067742347717285e+00
4.886827468872070312e-01
-8.483514189720153809e-01
-1.336796283721923828e+00
-3.524320423603057861e-01
-6.290173530578613281e-01
1.004810407757759094e-01
-8.804819732904434204e-02
4.997861385345458984e-01
6.993423104286193848e-01
-6.427387893199920654e-02
-2.148623764514923096e-01
5.922127962112426758e-01
3.686288893222808838e-01
4.074636101722717285e-01
-4.561372399330139160e-01
-6.900173425674438477e-01
-8.348368406295776367e-01
-6.918232440948486328e-01
-1.280768156051635742e+00
1.001717925071716309e+00
1.474480986595153809e+00
8.904960155487060547e-01
2.374253869056701660e-01
-8.938899040222167969e-01
-2.364764451980590820e+00
-3.774877190589904785e-01
3.462875783443450928e-01
-2.876426577568054199e-01
9.818109869956970215e-01
1.271186351776123047e+00
-4.805562198162078857e-01
-6.726052761077880859e-01
-1.150770932435989380e-01
-5.121496915817260742e-01
8.914589998312294483e-04
-1.007768988609313965e+00
-1.935147047042846680e+00
-2.001889467239379883e+00
1.799018681049346924e-02
-8.631267547607421875e-01
-6.902539730072021484e-01
4.320589900016784668e-01
9.678344130516052246e-01
1.090717241168022156e-01
-1.746266633272171021e-01
1.694581389427185059e+00
-6.564064621925354004e-01
-1.647705435752868652e+00
-1.415195584297180176e+00
3.276573419570922852e-01
6.097969412803649902e-01
-4.569097161293029785e-01
1.446022391319274902e+00
-8.840659856796264648e-01
-6.986874341964721680e-01
8.173986673355102539e-01
4.847146868705749512e-01
-6.187187433242797852e-01
-1.253233432769775391e+00
2.747410058975219727e+00
1.162895709276199341e-01
4.055321216583251953e-01
8.559009432792663574e-01
8.366828560829162598e-01
-1.856983423233032227e+00
-3.829818665981292725e-01
-4.617406725883483887e-01
-1.021043300628662109e+00
1.589770801365375519e-02
1.291546076536178589e-01
-6.524257659912109375e-01
6.809896230697631836e-01
2.019905298948287964e-01
-2.705543488264083862e-02
2.747473716735839844e-01
-1.242825508117675781e+00
1.226551294326782227e+00
3.036210834980010986e-01
-2.088069543242454529e-02
6.952973604202270508e-01
4.468607604503631592e-01
2.155871629714965820e+00
-1.036482930183410645e+00
-1.234502792358398438e+00
9.908301830291748047e-01
-9.655858278274536133e-01
-2.519488334655761719e-01
1.168401360511779785e+00
-1.517256855964660645e+00
-6.292589902877807617e-01
6.270799636840820312e-01
-8.197551369667053223e-01
5.742526650428771973e-01
-1.261653065681457520e+00
6.005136370658874512e-01
-2.193382024765014648e+00
1.122138261795043945e+00
9.443393349647521973e-01
-3.973790705204010010e-01
-1.814902871847152710e-01
-7.170014381408691406e-01
7.241800427436828613e-01
-1.807444810867309570e+00
-1.434613108634948730e+00
9.716626256704330444e-02
7.136069536209106445e-01
-1.096617102622985840e+00
-1.824098229408264160e-01
9.960182905197143555e-01
-6.243539508432149887e-03
5.619111061096191406e-01
-1.390163421630859375e+00
8.386227488517761230e-01
-7.621936202049255371e-01
7.632377743721008301e-02
1.082268580794334412e-01
3.097738623619079590e-01
1.135995909571647644e-01
-1.095964789390563965e+00
-3.733729422092437744e-01
-1.051199913024902344e+00
1.358618021011352539e+00
7.983236908912658691e-01
8.133992552757263184e-01
8.705735206604003906e-01
1.920368671417236328e-01
5.700617432594299316e-01
2.098918855190277100e-01
-5.404613018035888672e-01
-6.935327649116516113e-01
-4.992447495460510254e-01
-2.480087429285049438e-01
-3.934271633625030518e-01
4.595901072025299072e-01
9.792299866676330566e-01
-1.554127097129821777e+00
-1.637626171112060547e+00
-1.416066050529479980e+00
-4.298073053359985352e-01
-1.117440685629844666e-01
-1.014115333557128906e+00
-6.196091771125793457e-01
-7.385395765304565430e-01
8.969792127609252930e-01
-1.652192622423171997e-01
-7.911629080772399902e-01
-1.472550272941589355e+00
9.120944142341613770e-01
-6.336516141891479492e-01
-6.840538382530212402e-01
-6.333958506584167480e-01
3.749478235840797424e-02
-3.083744943141937256e-01
-5.626307725906372070e-01
2.789829969406127930e+00
3.453904986381530762e-01
-1.207527518272399902e+00
-9.922636151313781738e-01
-2.930921018123626709e-01
-5.486875176429748535e-01
5.754851698875427246e-01
-1.344157755374908447e-01
4.287462830543518066e-01
5.409241095185279846e-02
1.590893387794494629e+00
6.029475331306457520e-01
1.054458498954772949e+00
7.705240696668624878e-02
1.508692979812622070e+00
3.558627963066101074e-01
2.266192913055419922e+00
1.307882189750671387e+00
-2.638185322284698486e-01
2.148824214935302734e+00
-1.557373166084289551e+00
1.194020628929138184e+00
4.132108092308044434e-01
1.555788397789001465e+00
-8.705962896347045898e-01
1.095768094062805176e+00
-1.186432838439941406e+00
5.411618351936340332e-01
-7.206959724426269531e-01
-1.044889166951179504e-01
1.524376034736633301e+00
-1.526650309562683105e+00
-1.381951093673706055e+00
4.374302625656127930e-01
2.814994573593139648e+00
-8.313494920730590820e-01
1.420897006988525391e+00
1.686872601509094238e+00
-1.283905982971191406e+00
8.533771038055419922e-01
1.193543449044227600e-01
-3.720416128635406494e-02
-1.761845648288726807e-01
-1.030064702033996582e+00
-7.417169213294982910e-01
-9.298030138015747070e-01
-1.295418739318847656e+00
1.247621297836303711e+00
7.288532853126525879e-01
1.918090581893920898e+00
-1.689215302467346191e+00
1.061137080192565918e+00
-3.576978743076324463e-01
2.232765853404998779e-01
-6.513174772262573242e-01
1.031096220016479492e+00
-9.545185565948486328e-01
8.614358901977539062e-01
3.499973118305206299e-01
-5.345916375517845154e-02
-6.226463317871093750e-01
7.817946076393127441e-01
1.402175128459930420e-01
5.173507332801818848e-01
-4.085346683859825134e-02
-1.626782774925231934e+00
4.785033166408538818e-01
-1.766458451747894287e-01
7.220407724380493164e-01
-1.255023002624511719e+00
-8.357406407594680786e-02
1.102859973907470703e+00
-2.874863147735595703e-01
3.184045553207397461e-01
5.100938677787780762e-01
-3.118495047092437744e-01
-2.145853638648986816e-01
-1.514530181884765625e-01
3.051059544086456299e-01
-2.349548041820526123e-01
-8.179900050163269043e-01
-1.369114499539136887e-02
7.978439927101135254e-01
-8.307129144668579102e-01
1.706069469451904297e+00
-3.339264392852783203e-01
7.630409002304077148e-01
1.233975768089294434e+00
-3.638224005699157715e-01
1.330950260162353516e+00
-7.072367072105407715e-01
2.668710239231586456e-02
-7.554584145545959473e-01
9.315029382705688477e-01
6.481744647026062012e-01
-4.743531942367553711e-01
7.653595507144927979e-02
1.109543800354003906e+00
-6.588708162307739258e-01
7.767619490623474121e-01
-2.018815994262695312e+00
2.903768420219421387e-01
-8.863689303398132324e-01
1.523163676261901855e+00
8.575319051742553711e-01
2.093211114406585693e-01
7.035024762153625488e-01
-4.338092207908630371e-01
2.057315111160278320e-01
-7.294886112213134766e-01
2.383116632699966431e-01
-1.215394616127014160e+00
6.310343146324157715e-01
2.110594660043716431e-01
1.945789605379104614e-01
-2.580524981021881104e-01
3.416443169116973877e-01
2.449347227811813354e-01
9.849284887313842773e-01
3.989835977554321289e-01
-4.193957448005676270e-01
-1.373655349016189575e-02
-5.069656372070312500e-01
-1.094062924385070801e+00
1.034386873245239258e+00
4.764682054519653320e-01
2.433955669403076172e-01
-1.151802778244018555e+00
1.603917837142944336e+00
-1.128088712692260742e+00
-1.506170988082885742e+00
-6.721956729888916016e-01
3.568252027034759521e-01
6.634350121021270752e-02
-6.898769140243530273e-01
1.794351339340209961e+00
5.344581976532936096e-02
1.603563070297241211e+00
3.924889862537384033e-01
-5.434862971305847168e-01
7.404317706823348999e-02
3.104982078075408936e-01
5.762083530426025391e-01
6.367772221565246582e-01
9.377645254135131836e-01
1.096215620636940002e-01
-1.312539577484130859e+00
1.017437815666198730e+00
-9.630975723266601562e-01
-1.358881145715713501e-01
-4.777594804763793945e-01
7.511058449745178223e-02
-8.018718361854553223e-01
-4.812448620796203613e-01
-9.112214446067810059e-01
5.501579642295837402e-01
9.672719836235046387e-01
8.762183189392089844e-01
2.540073096752166748e-01
-3.665938973426818848e-01
4.685550928115844727e-01
-6.758673787117004395e-01
-2.899628877639770508e-01
-2.398211061954498291e-01
1.021101832389831543e+00
7.914084196090698242e-01
9.197150468826293945e-01
-7.071781754493713379e-01
-1.841016262769699097e-01
3.034147739410400391e+00
-5.863860994577407837e-02
-4.874478280544281006e-01
1.801168024539947510e-01
-5.724588036537170410e-01
-1.017888903617858887e+00
1.124984845519065857e-01
1.611602067947387695e+00
-6.404409408569335938e-01
-4.641626477241516113e-01
-5.036027431488037109e-01
7.666018009185791016e-01
1.235015392303466797e+00
4.841539859771728516e-01
8.536176085472106934e-01
-1.649436950683593750e+00
4.256534576416015625e-01
1.920896321535110474e-01
-7.745805382728576660e-01
9.481328725814819336e-01
-4.136407673358917236e-01
-6.896739006042480469e-01
-1.019581556320190430e+00
-2.168482303619384766e+00
6.923009753227233887e-01
-1.103531122207641602e+00
-4.684298858046531677e-02
-5.680049061775207520e-01
3.120682239532470703e-01
3.777762651443481445e-01
1.121915698051452637e+00
7.370599508285522461e-01
-8.232923746109008789e-01
-6.481254100799560547e-01
-4.341402053833007812e-01
-1.062229990959167480e+00
-5.329032540321350098e-01
8.935627341270446777e-01
-9.761992096900939941e-02
-2.112810850143432617e+00
-2.036799788475036621e-01
7.085680216550827026e-02
-4.431820809841156006e-01
8.645631670951843262e-01
2.639205455780029297e-01
-9.817768335342407227e-01
6.602460741996765137e-01
-2.113565206527709961e+00
8.544716984033584595e-02
-1.302545666694641113e+00
1.177371740341186523e+00
1.232030749320983887e+00
-4.126133918762207031e-01
1.556704193353652954e-01
4.905095398426055908e-01
3.803735971450805664e-02
9.863854050636291504e-01
1.033757209777832031e+00
3.251109272241592407e-02
2.620302736759185791e-01
-2.523735463619232178e-01
-1.931007355451583862e-01
-1.395268678665161133e+00
-2.381151318550109863e-01
-1.366471052169799805e+00
-8.080417513847351074e-01
-1.128210306167602539e+00
-2.204015105962753296e-01
-1.737956285476684570e+00
-1.058763265609741211e+00
1.040205597877502441e+00
-2.686193287372589111e-01
-1.369835734367370605e+00
4.372833669185638428e-01
-1.212933778762817383e+00
-1.009696006774902344e+00
-7.931435704231262207e-01
1.228270769119262695e+00
8.240665197372436523e-01
5.620267391204833984e-01
-3.107007443904876709e-01
-2.428328841924667358e-01
8.021273016929626465e-01
-5.669640302658081055e-01
-8.678188323974609375e-01
-7.203023135662078857e-02
4.026600122451782227e-01
6.158416718244552612e-02
-7.798570394515991211e-02
-9.896599054336547852e-01
-1.268496215343475342e-01
7.772960662841796875e-01
-2.744272649288177490e-01
2.668007910251617432e-01
-1.149139642715454102e+00
-6.157318353652954102e-01
-6.698987483978271484e-01
-6.470932960510253906e-01
-1.192115426063537598e+00
-6.391929388046264648e-01
-5.406286120414733887e-01
-1.489236950874328613e+00
2.093003541231155396e-01
-1.742483615875244141e+00
-4.972717165946960449e-02
6.025996208190917969e-01
7.356765866279602051e-01
2.559666931629180908e-01
-5.211365222930908203e-01
1.776733994483947754e+00
-1.315405011177062988e+00
-7.447354793548583984e-01
-7.549300193786621094e-01
3.395272195339202881e-01
-5.391449332237243652e-01
-7.597765922546386719e-01
-5.044207572937011719e-01
-9.434888958930969238e-01
-2.264317125082015991e-01
1.878713011741638184e+00
-9.739860296249389648e-01
-1.696697831153869629e+00
5.653364062309265137e-01
4.237258136272430420e-01
1.105606794357299805e+00
-1.685142815113067627e-01
2.063913494348526001e-01
3.264581263065338135e-01
-9.458679705858230591e-02
-9.378214925527572632e-02
8.914055824279785156e-01
-2.179845809936523438e+00
1.553247213363647461e+00
-1.269888043403625488e+00
3.287152647972106934e-01
9.054269790649414062e-01
-4.611849784851074219e-01
1.658486008644104004e+00
-1.399213820695877075e-01
-6.313953995704650879e-01
8.060041666030883789e-01
3.022782802581787109e-01
-6.595507264137268066e-01
-1.266654968261718750e+00
1.869487315416336060e-01
-5.174986720085144043e-01
-1.224999409168958664e-02
-3.323777318000793457e-01
1.030113697052001953e+00
3.518099784851074219e+00
1.519288063049316406e+00
-8.838935494422912598e-01
-2.395185232162475586e-01
5.786849856376647949e-01
-4.056242108345031738e-01
-6.880971193313598633e-01
1.565713286399841309e-01
5.834830403327941895e-01
-1.071501612663269043e+00
-1.502697318792343140e-01
1.789991021156311035e+00
-1.055651187896728516e+00
-6.867310404777526855e-01
-1.303963810205459595e-01
1.078919917345046997e-01
-2.284808456897735596e-01
-8.679200410842895508e-01
2.204621285200119019e-01
9.766242653131484985e-02
-5.365984439849853516e-01
-8.047904968261718750e-01
-1.043818593025207520e+00
-9.177677333354949951e-02
-2.276147305965423584e-01
3.011621236801147461e-01
-6.297157406806945801e-01
1.112676382064819336e+00
6.657448410987854004e-01
3.025494515895843506e-01
1.298301696777343750e+00
1.053672805428504944e-01
-6.407157182693481445e-01
4.195613563060760498e-01
-4.634078145027160645e-01
3.674414381384849548e-02
-4.571889340877532959e-01
1.082009792327880859e+00
1.130233407020568848e+00
-1.308539628982543945e+00
1.698717027902603149e-01
1.616896390914916992e+00
-1.035892128944396973e+00
2.256013870239257812e+00
-5.948053002357482910e-01
7.070254087448120117e-01
-2.907445132732391357e-01
-1.434653282165527344e+00
-1.952225208282470703e+00
4.542939960956573486e-01
