-1.779996395111083984e+00
7.132474184036254883e-01
1.083444952964782715e+00
4.364174008369445801e-01
-5.508924722671508789e-01
3.273518383502960205e-01
7.624393105506896973e-01
-5.457181334495544434e-01
1.310718417167663574e+00
-1.203694581985473633e+00
7.457638978958129883e-01
1.053563594818115234e+00
1.312544345855712891e+00
1.981312483549118042e-01
6.015349030494689941e-01
-9.307362437248229980e-01
-1.656019836664199829e-01
-1.500229954719543457e+00
-9.246742725372314453e-01
-2.285166978836059570e+00
-2.202973328530788422e-02
-7.386598587036132812e-01
-3.309638053178787231e-02
1.828345298767089844e+00
-1.474307775497436523e+00
2.610512673854827881e-01
1.363964915275573730e+00
8.664427995681762695e-01
1.502462625503540039e+00
5.481204390525817871e-01
-2.007333755493164062e+00
-2.307587713003158569e-01
-4.166907966136932373e-01
1.653787136077880859e+00
1.165776029229164124e-01
-8.136928677558898926e-01
-2.033974647521972656e+00
-1.018647551536560059e+00
-3.353690728545188904e-02
-3.906512856483459473e-01
-1.805163621902465820e-01
1.914734363555908203e+00
1.159825205802917480e+00
-3.449208736419677734e-01
8.731035590171813965e-01
-4.192045331001281738e-01
1.072049260139465332e+00
8.898729085922241211e-01
-6.496492028236389160e-01
-8.506422042846679688e-01
1.575906872749328613e+00
-5.838336348533630371e-01
2.954811334609985352e+00
-9.020192176103591919e-02
-7.916038632392883301e-01
-9.513113647699356079e-02
-2.374437749385833740e-01
-7.570427060127258301e-01
-1.122298017144203186e-01
1.221484318375587463e-02
-1.206440687179565430e+00
-7.052170038223266602e-01
9.468055367469787598e-01
-1.376196384429931641e+00
-1.386118084192276001e-01
1.383950412273406982e-01
-9.345818161964416504e-01
6.100876927375793457e-01
1.147653818130493164e+00
2.475921511650085449e-01
2.491344362497329712e-01
1.125017404556274414e+00
-1.728394269943237305e+00
-6.101978421211242676e-01
3.066765666007995605e-01
1.559606909751892090e+00
7.002087831497192383e-01
-5.491174459457397461e-01
7.448553442955017090e-01
7.935811281204223633e-01
6.688460111618041992e-01
1.251538157463073730e+00
-3.199452301487326622e-03
-1.149351477622985840e+00
8.348442912101745605e-01
-4.668451845645904541e-01
-9.810830233618617058e-04
2.444732189178466797e-01
-1.044035673141479492e+00
6.878930330276489258e-01
-6.488397717475891113e-01
-6.471186876296997070e-01
5.490150451660156250e-01
1.134309768676757812e+00
1.651139378547668457e+00
-7.018694281578063965e-01
-2.791222631931304932e-01
-3.253569081425666809e-02
1.507900357246398926e-01
-6.982628703117370605e-01
1.114520668983459473e+00
-2.207657098770141602e+00
-1.649246096611022949e+00
-8.020684719085693359e-01
8.152891397476196289e-01
4.504281282424926758e-01
-1.419750690460205078e+00
-1.223924756050109863e-01
-1.395774841308593750e+00
-3.231542110443115234e-01
-1.021328926086425781e+00
-2.609688341617584229e-01
5.060476064682006836e-01
-2.500258207321166992e+00
4.281765595078468323e-02
-6.279692053794860840e-01
-8.231986165046691895e-01
1.763994246721267700e-01
2.837408781051635742e-01
2.137255907058715820e+00
-1.323176622390747070e+00
1.609749346971511841e-01
2.063941955566406250e+00
-1.015069961547851562e+00
9.898118376731872559e-01
2.933661341667175293e-01
-4.044931232929229736e-01
-8.642523288726806641e-01
