-9.059720039367675781e-01
-2.256445735692977905e-01
2.300524860620498657e-01
8.083974123001098633e-01
-1.679613351821899414e+00
1.394663453102111816e-01
6.517421454191207886e-02
-1.346968293190002441e+00
6.489089131355285645e-02
6.802303194999694824e-01
-1.836718916893005371e+00
8.897115588188171387e-01
-3.447677195072174072e-02
-1.736816614866256714e-01
-6.330143809318542480e-01
-1.039751291275024414e+00
-5.821672677993774414e-01
-1.310689896345138550e-01
5.343125462532043457e-01
-2.342060208320617676e-01
4.955453276634216309e-01
-1.648272633552551270e+00
1.589288949966430664e+00
-7.999888807535171509e-02
-4.119862914085388184e-01
-2.884584963321685791e-01
9.797740727663040161e-02
-1.372523456811904907e-01
-1.017745018005371094e+00
3.933600783348083496e-01
9.889142513275146484e-01
-1.265873074531555176e+00
-1.598603248596191406e+00
-1.824054718017578125e-01
2.384928753599524498e-03
2.411887496709823608e-01
2.777866423130035400e-01
-1.401435375213623047e+00
-2.973776459693908691e-01
-1.301083207130432129e+00
-3.295460641384124756e-01
8.206697702407836914e-01
4.267063438892364502e-01
6.615486741065979004e-01
4.708945155143737793e-01
-3.221228420734405518e-01
-3.578511178493499756e-01
1.131205916404724121e+00
-1.152602791786193848e+00
7.732068002223968506e-02
-2.979989945888519287e-01
-7.913173735141754150e-02
1.387387394905090332e+00
-1.113305211067199707e+00
8.893814086914062500e-01
7.058799862861633301e-01
6.680323183536529541e-02
-1.888843029737472534e-01
1.425197273492813110e-01
7.496995329856872559e-01
-2.398587465286254883e-01
4.349913075566291809e-02
-1.038505077362060547e+00
-1.387423872947692871e+00
-5.261453986167907715e-01
3.811278045177459717e-01
1.796327680349349976e-01
1.404695153236389160e+00
1.341018676757812500e+00
5.242425203323364258e-01
-2.315759509801864624e-01
2.766656875610351562e-02
-1.756046175956726074e+00
2.865505218505859375e-01
6.970500349998474121e-01
-5.348456501960754395e-01
-4.532496333122253418e-01
3.911534789949655533e-03
-1.920841783285140991e-01
-1.257960557937622070e+00
-1.074787259101867676e+00
-3.355437219142913818e-01
-9.890642166137695312e-01
5.500489845871925354e-03
5.183244347572326660e-01
1.493332386016845703e+00
-7.910730242729187012e-01
-7.567655295133590698e-02
1.370688229799270630e-01
-6.471220254898071289e-01
1.351071953773498535e+00
-1.025551199913024902e+00
2.014506459236145020e-01
6.618905663490295410e-01
-7.494549453258514404e-02
-1.259309291839599609e+00
-1.923721842467784882e-02
1.292412579059600830e-01
3.216007053852081299e-01
8.259091973304748535e-01
-2.091354131698608398e-01
4.322565495967864990e-01
3.662427365779876709e-01
-3.177707791328430176e-01
-2.009514719247817993e-01
-2.497944980859756470e-01
8.496890068054199219e-01
1.235884279012680054e-01
-2.003652006387710571e-01
1.162879109382629395e+00
3.194641768932342529e-01
-5.035822987556457520e-01
-7.727896571159362793e-01
-3.437901735305786133e-01
-1.167213439941406250e+00
-3.116669058799743652e-01
-1.358694672584533691e+00
-3.927259147167205811e-01
8.520855307579040527e-01
2.572568058967590332e-01
7.047076225280761719e-01
3.539489805698394775e-01
1.125299215316772461e+00
-7.532626390457153320e-02
7.507921457290649414e-01
-2.804956138134002686e-01
8.785984665155410767e-02
-7.599302530288696289e-01
-1.504563808441162109e+00
9.179966449737548828e-01
-8.754448890686035156e-01
1.877521276473999023e+00
-1.549842715263366699e+00
-3.887905776500701904e-01
7.921262830495834351e-02
-7.282801270484924316e-01
-4.203157499432563782e-02
1.755631901323795319e-02
3.898195922374725342e-01
7.359770685434341431e-02
4.669575989246368408e-01
-8.227971792221069336e-01
-2.268407940864562988e-01
3.506298661231994629e-01
3.840639591217041016e-01
5.308801531791687012e-01
-2.421469688415527344e-01
-3.957041203975677490e-01
-1.510463953018188477e-01
-2.535081803798675537e-01
-7.442331314086914062e-01
1.103404462337493896e-01
4.387198090553283691e-01
-8.134333491325378418e-01
-5.439708232879638672e-01
-1.310222744941711426e-01
-1.033734232187271118e-01
1.540998697280883789e+00
3.251726925373077393e-01
-9.000278711318969727e-01
-2.870623469352722168e-01
8.042835593223571777e-01
8.832969069480895996e-01
-5.373541116714477539e-01
3.974193632602691650e-01
1.081981658935546875e+00
1.627070605754852295e-01
1.404653191566467285e-01
7.157487869262695312e-01
-2.808795869350433350e-01
7.701892256736755371e-01
-8.173992037773132324e-01
3.196630775928497314e-01
-8.597641251981258392e-03
2.474937736988067627e-01
-5.224397182464599609e-01
1.675983816385269165e-01
-1.881516128778457642e-01
1.461123675107955933e-01
1.507265329360961914e+00
-7.425754517316818237e-02
-1.030287742614746094e+00
1.600855588912963867e+00
9.136026501655578613e-01
6.876847743988037109e-01
1.075596064329147339e-01
3.317345380783081055e-01
-1.116009235382080078e+00
3.990644216537475586e-01
-1.346508979797363281e+00
-5.851731896400451660e-01
3.178379237651824951e-01
8.863164186477661133e-01
-8.930878043174743652e-01
-1.142979979515075684e+00
6.134700402617454529e-02
1.303735613822937012e+00
-6.179739832878112793e-01
4.993195831775665283e-01
-8.046294450759887695e-01
-3.751585260033607483e-02
-7.082555890083312988e-01
-6.897026896476745605e-01
3.253037929534912109e-01
1.496303379535675049e-01
1.887321114540100098e+00
-6.550745368003845215e-01
1.880330145359039307e-01
-7.596366107463836670e-02
-2.213785499334335327e-01
8.306401968002319336e-01
9.273048490285873413e-03
1.208354160189628601e-01
9.954662621021270752e-02
1.050297617912292480e+00
1.318914055824279785e+00
-2.237954735755920410e-01
2.921522855758666992e-01
7.253968715667724609e-01
3.749204874038696289e-01
-7.663847804069519043e-01
-2.315398007631301880e-01
-2.010774463415145874e-01
-2.065795063972473145e-01
-1.165046263486146927e-02
-4.989541471004486084e-01
2.411774843931198120e-01
2.345697432756423950e-01
3.139216601848602295e-01
-1.364827156066894531e+00
3.947533965110778809e-01
2.764230072498321533e-01
-1.439364433288574219e+00
-5.098391175270080566e-01
-3.628343343734741211e-01
9.833153486251831055e-01
4.128899574279785156e-01
-5.232619643211364746e-01
-8.616396188735961914e-01
-9.553139209747314453e-01
-3.444472253322601318e-01
-2.106298953294754028e-01
8.617010116577148438e-01
1.880691051483154297e-01
-1.041346266865730286e-01
-9.251058697700500488e-01
-6.179395318031311035e-01
-9.818907827138900757e-02
3.635900616645812988e-01
-8.160464763641357422e-01
-3.280800580978393555e-01
-4.283324182033538818e-01
-7.616579532623291016e-01
-6.687934994697570801e-01
-4.587294757366180420e-01
-1.902322173118591309e-01
-4.503807425498962402e-01
-1.623364448547363281e+00
-5.416857600212097168e-01
-2.526350021362304688e-01
3.476512432098388672e-01
1.296942532062530518e-01
-1.960803121328353882e-01
-8.147630691528320312e-01
-1.586778014898300171e-01
2.098367214202880859e-01
8.660721182823181152e-01
6.474812626838684082e-01
-7.393659353256225586e-01
1.000211000442504883e+00
1.429984420537948608e-01
-1.365323185920715332e+00
-1.096185564994812012e+00
-1.306062459945678711e+00
-8.079710602760314941e-01
-2.205651044845581055e+00
-2.511749267578125000e-01
6.390787959098815918e-01
1.142317295074462891e+00
-8.390736579895019531e-01
-3.246982693672180176e-01
-5.199174284934997559e-01
-3.487079441547393799e-01
-9.900589287281036377e-02
6.453508138656616211e-01
4.436475336551666260e-01
-6.308167427778244019e-02
-6.819030046463012695e-01
-7.494285702705383301e-02
-6.686200499534606934e-01
8.642351627349853516e-01
-1.395454287528991699e+00
1.044566988945007324e+00
-1.361690521240234375e+00
1.101872324943542480e+00
-8.139734268188476562e-01
-5.063561722636222839e-02
-8.505777120590209961e-01
-1.927992850542068481e-01
-9.466031193733215332e-01
-4.759548008441925049e-01
6.393227577209472656e-01
-5.704097151756286621e-01
-1.071001768112182617e+00
-1.173364281654357910e+00
1.952858567237854004e+00
1.352315783500671387e+00
-4.108102023601531982e-01
-1.386938393115997314e-01
-1.509826660156250000e+00
5.414856076240539551e-01
3.312548995018005371e-02
-5.577082037925720215e-01
-1.859362274408340454e-01
2.349862158298492432e-01
3.557688891887664795e-01
1.767724752426147461e-01
4.800260663032531738e-01
4.107868671417236328e-01
1.380728125572204590e+00
-5.316973328590393066e-01
-1.293968439102172852e+00
1.124758481979370117e+00
-1.963922083377838135e-01
-8.870522975921630859e-01
-9.940028190612792969e-01
-3.709524273872375488e-01
-4.177714884281158447e-01
1.560650110244750977e+00
-1.179024696350097656e+00
1.999447464942932129e+00
1.948621422052383423e-01
-4.519258439540863037e-01
-1.304223537445068359e+00
-2.016770243644714355e-01
-1.385108113288879395e+00
7.881953120231628418e-01
1.312790989875793457e+00
-1.098017022013664246e-01
7.602701187133789062e-01
-1.050216078758239746e+00
-7.380410432815551758e-01
-7.877767682075500488e-01
-8.451473712921142578e-01
3.393037617206573486e-01
-2.468812942504882812e+00
-2.051911830902099609e+00
-9.335446357727050781e-02
7.389366626739501953e-01
-2.436080127954483032e-01
7.177646756172180176e-01
-1.536230206489562988e+00
6.309590339660644531e-01
5.050332546234130859e-01
4.256592988967895508e-01
-2.053381353616714478e-01
5.854182243347167969e-01
-1.148968458175659180e+00
-6.303670406341552734e-01
-5.146034061908721924e-02
2.193103134632110596e-01
7.286098003387451172e-01
3.557606637477874756e-01
3.277837336063385010e-01
8.251729607582092285e-01
-2.438085973262786865e-01
2.697857320308685303e-01
-1.842946410179138184e+00
-5.923717617988586426e-01
-9.371720254421234131e-02
-1.277859210968017578e-01
-3.419810235500335693e-01
1.494565725326538086e+00
6.229510903358459473e-01
3.544776439666748047e-01
1.529165506362915039e+00
-9.899460673332214355e-01
6.568971276283264160e-01
-6.970200538635253906e-01
-5.412144660949707031e-01
-1.082066059112548828e+00
1.348837930709123611e-02
-6.933475136756896973e-01
-8.657849431037902832e-01
1.532519459724426270e+00
-1.034221529960632324e+00
-4.532784819602966309e-01
7.320596277713775635e-02
-5.201807022094726562e-01
-1.292982339859008789e+00
-8.044726252555847168e-01
-6.105012893676757812e-01
-4.718079268932342529e-01
-3.933586776256561279e-01
6.797645688056945801e-01
-2.880561631172895432e-03
-5.139262676239013672e-01
-6.206834688782691956e-02
-2.525533735752105713e-01
3.401416242122650146e-01
-3.765978217124938965e-01
-8.428627848625183105e-01
-9.509032368659973145e-01
2.196254253387451172e+00
-6.263198256492614746e-01
3.300578594207763672e-01
6.196657419204711914e-01
-1.001212716102600098e+00
-4.300772547721862793e-01
-7.973818182945251465e-01
-1.231505155563354492e+00
1.182370543479919434e+00
-3.876691758632659912e-01
-8.224824666976928711e-01
-7.198306918144226074e-01
4.215333461761474609e-01
-9.111002087593078613e-01
-1.563244611024856567e-01
5.870679616928100586e-01
-8.489797264337539673e-02
8.447161316871643066e-01
-1.246905684471130371e+00
1.605464100837707520e+00
-2.349810302257537842e-01
-4.314572811126708984e-01
8.821584284305572510e-02
-4.304353892803192139e-01
-5.756489038467407227e-01
-1.052101328969001770e-01
1.016216158866882324e+00
3.135279566049575806e-02
-1.711894571781158447e-01
1.285879492759704590e+00
2.634515762329101562e-01
4.217005670070648193e-01
1.091382741928100586e+00
-1.067736744880676270e+00
-7.458554506301879883e-01
-1.740718036890029907e-01
-1.193041682243347168e+00
5.531559586524963379e-01
8.847040683031082153e-02
8.507671952247619629e-01
3.975175917148590088e-01
-1.189530372619628906e+00
-7.327995300292968750e-01
-7.042499184608459473e-01
-1.288596540689468384e-01
2.760237157344818115e-01
4.140586256980895996e-01
9.242588281631469727e-01
8.516881465911865234e-01
2.815480232238769531e-01
3.537225723266601562e-01
-5.631966590881347656e-01
1.642978906631469727e+00
1.033712267875671387e+00
-1.074667096138000488e+00
1.866110086441040039e+00
3.985364735126495361e-01
-9.887391328811645508e-01
-3.908234834671020508e-01
2.686024457216262817e-02
-7.694685459136962891e-02
1.137337565422058105e+00
-2.216060876846313477e+00
4.330919384956359863e-01
5.960259437561035156e-01
7.993265986442565918e-01
4.496005177497863770e-02
9.535555839538574219e-01
-4.808573052287101746e-02
-5.142299532890319824e-01
-1.723945021629333496e+00
-2.390115894377231598e-02
9.241395443677902222e-02
1.142317727208137512e-01
2.715303897857666016e-01
-8.165709972381591797e-01
-9.234846234321594238e-01
-7.505877315998077393e-02
8.078579902648925781e-01
4.216313064098358154e-01
-4.089749976992607117e-02
-1.867757886648178101e-01
7.211179137229919434e-01
5.310642123222351074e-01
4.373399317264556885e-01
-7.392201423645019531e-01
-6.014804244041442871e-01
2.751004397869110107e-01
-2.886220216751098633e-01
-2.435320764780044556e-01
1.038861155509948730e+00
7.079688906669616699e-01
-6.573738455772399902e-01
-3.279896378517150879e-01
7.322887778282165527e-01
-2.095963954925537109e+00
1.525523811578750610e-01
-1.526786088943481445e+00
-9.379959702491760254e-01
-3.051518797874450684e-01
-9.909218549728393555e-01
-8.676069378852844238e-01
-4.405918717384338379e-01
1.108982920646667480e+00
-1.100465774536132812e+00
-2.155256271362304688e+00
-1.389360308647155762e+00
-1.562605500221252441e-01
-1.590921163558959961e+00
-5.987464189529418945e-01
-1.491700857877731323e-01
3.540653884410858154e-01
-2.881964445114135742e-01
5.751298069953918457e-01
6.822779774665832520e-01
-6.423466801643371582e-01
4.202807247638702393e-01
-4.817546904087066650e-01
-8.312211036682128906e-01
-4.813655093312263489e-02
5.593578815460205078e-01
-8.391949534416198730e-01
1.983540773391723633e+00
-1.070539593696594238e+00
-7.764878273010253906e-01
7.290675044059753418e-01
-4.767633080482482910e-01
-1.295388579368591309e+00
-3.736715018749237061e-01
-1.338102102279663086e+00
-6.157912015914916992e-01
1.597611546516418457e+00
4.671116769313812256e-01
-1.727134704589843750e+00
9.419003129005432129e-01
-9.259195327758789062e-01
-3.909333348274230957e-01
8.441774845123291016e-01
-1.640379786491394043e+00
-3.722797930240631104e-01
-1.329698204994201660e+00
-1.597961425781250000e+00
1.188005087897181511e-03
-8.241814374923706055e-02
-1.976509690284729004e-01
-7.462072372436523438e-02
-9.196446835994720459e-02
1.787716150283813477e-01
1.578688025474548340e-01
5.933893099427223206e-02
1.109540820121765137e+00
8.869771659374237061e-02
-1.473209410905838013e-01
-9.219340085983276367e-01
4.435936510562896729e-01
6.878425925970077515e-02
-2.239253818988800049e-01
9.612736701965332031e-01
8.450253009796142578e-01
-5.793238878250122070e-01
-1.236858606338500977e+00
-8.683837056159973145e-01
-8.121238350868225098e-01
1.289204359054565430e+00
1.299561113119125366e-01
4.773328825831413269e-02
-2.218161374330520630e-01
1.393170356750488281e+00
-2.737379968166351318e-01
-3.062934279441833496e-01
1.623627185821533203e+00
1.405371904373168945e+00
4.529980123043060303e-01
4.808555841445922852e-01
5.470617674291133881e-03
-2.969910502433776855e-01
-6.301030516624450684e-01
1.595293730497360229e-02
1.015985727310180664e+00
-6.189557537436485291e-02
1.135209918022155762e+00
1.311516046524047852e+00
1.242070913314819336e+00
3.205142617225646973e-01
-1.380335330963134766e+00
1.257126450538635254e+00
-5.467532277107238770e-01
1.859942227602005005e-01
-4.554256498813629150e-01
-7.368565797805786133e-01
-1.696352064609527588e-01
4.665775001049041748e-01
5.549730062484741211e-01
-1.194793134927749634e-01
-4.886009395122528076e-01
5.580894649028778076e-02
-1.245689749717712402e+00
-9.388970732688903809e-01
-3.366091549396514893e-01
7.167240381240844727e-01
2.715420126914978027e-01
9.960011243820190430e-01
-4.746266007423400879e-01
-1.244069695472717285e+00
6.274504661560058594e-01
3.034415841102600098e-01
-3.637716546654701233e-02
-2.794919349253177643e-02
1.012828707695007324e+00
-1.258176922798156738e+00
1.445297449827194214e-01
4.283835589885711670e-01
5.407095551490783691e-01
1.400317668914794922e+00
1.196935772895812988e+00
-3.727644979953765869e-01
3.526843190193176270e-01
-3.763104975223541260e-01
2.127908468246459961e-01
2.611814975738525391e+00
1.055284738540649414e+00
-5.932513624429702759e-02
1.504099488258361816e+00
-2.537081837654113770e-01
-6.243326663970947266e-01
1.443890333175659180e+00
-4.422588646411895752e-01
4.282709956169128418e-01
-3.297883868217468262e-01
7.172081470489501953e-01
-6.380866765975952148e-01
4.948591887950897217e-01
4.924671947956085205e-01
-1.849465250968933105e+00
1.426748394966125488e+00
1.241807579994201660e+00
-1.084101106971502304e-02
6.779437065124511719e-01
-4.779309928417205811e-01
1.598482251167297363e+00
2.181850671768188477e-01
-2.672753855586051941e-02
1.016963839530944824e+00
8.495301008224487305e-01
1.888537526130676270e+00
3.492164611816406250e-01
2.454050630331039429e-01
9.695025086402893066e-01
6.919767856597900391e-01
1.691012978553771973e-01
-7.639252543449401855e-01
-3.255869150161743164e-01
-4.995382130146026611e-01
-6.913031935691833496e-01
1.341539382934570312e+00
-1.141628265380859375e+00
-1.019390225410461426e+00
-1.213862299919128418e+00
6.955416798591613770e-01
1.055047273635864258e+00
-4.054555594921112061e-01
-2.323720753192901611e-01
1.559337258338928223e+00
-2.350220270454883575e-02
-5.102584958076477051e-01
1.511339306831359863e+00
-3.650864660739898682e-01
-1.774326920509338379e+00
9.264264106750488281e-01
3.826233446598052979e-01
4.979200363159179688e-01
5.571434497833251953e-01
4.716439247131347656e-01
-2.688302695751190186e-01
-1.690894514322280884e-01
-1.229305863380432129e+00
3.026733696460723877e-01
1.205328702926635742e+00
-1.167240381240844727e+00
-1.883804351091384888e-01
-1.388744544237852097e-02
-8.802281618118286133e-01
8.561663627624511719e-01
7.076017856597900391e-01
7.622065395116806030e-02
-4.435565173625946045e-01
3.030500411987304688e-01
2.066988646984100342e-01
1.660333991050720215e+00
-8.319990038871765137e-01
-8.518865704536437988e-01
1.358393728733062744e-01
1.228039622306823730e+00
2.082097716629505157e-02
-9.018651843070983887e-01
-1.299092918634414673e-01
1.343251705169677734e+00
1.131785511970520020e-01
-8.177719116210937500e-01
1.062283992767333984e+00
6.027123928070068359e-01
1.024838328361511230e+00
-2.370172441005706787e-01
-2.366679310798645020e-01
2.052603363990783691e-01
2.296707481145858765e-01
-2.122879624366760254e-01
5.219077467918395996e-01
-2.260677516460418701e-02
1.000374555587768555e+00
-7.765293866395950317e-02
1.282878994941711426e+00
5.924185514450073242e-01
7.166858315467834473e-01
1.540449112653732300e-01
-9.396576881408691406e-01
-6.461876034736633301e-01
-1.108011245727539062e+00
-1.213422060012817383e+00
1.309647560119628906e+00
4.774082303047180176e-01
1.864812895655632019e-02
1.335058450698852539e+00
1.033835768699645996e+00
-1.622524976730346680e+00
1.305741310119628906e+00
5.105329155921936035e-01
3.408997952938079834e-01
-8.012440055608749390e-02
3.649320006370544434e-01
-4.249546527862548828e-01
8.438490629196166992e-01
-3.293861150741577148e-01
1.719625145196914673e-01
-6.083166599273681641e-01
1.438919663429260254e+00
-4.401338398456573486e-01
-1.026817858219146729e-01
-3.954865336418151855e-01
1.256215810775756836e+00
1.886136680841445923e-01
-8.133012652397155762e-01
1.625880360603332520e+00
1.919634453952312469e-02
-1.836367607116699219e+00
5.233033299446105957e-01
6.467082500457763672e-01
6.472874283790588379e-01
2.543220520019531250e-01
3.731545060873031616e-02
-1.004174426198005676e-01
-2.125838994979858398e+00
8.041102290153503418e-01
-1.200569629669189453e+00
-2.590218484401702881e-01
-8.971494436264038086e-01
-1.554092764854431152e-01
1.613103151321411133e-01
-1.182543560862541199e-01
-1.734374016523361206e-01
-7.998017668724060059e-01
6.206067800521850586e-01
-4.741664528846740723e-01
2.010262906551361084e-01
-7.472003698348999023e-01
-4.368336796760559082e-01
7.716199755668640137e-01
2.536936700344085693e-01
-4.955433905124664307e-01
1.448289602994918823e-01
3.691651523113250732e-01
1.260146945714950562e-01
1.771338880062103271e-01
2.784762084484100342e-01
-2.393635511398315430e-01
1.797830760478973389e-01
1.069254636764526367e+00
9.743949174880981445e-01
-4.998306632041931152e-01
-1.828823536634445190e-01
-1.287091135978698730e+00
-2.005663365125656128e-01
-1.945297569036483765e-01
8.742080926895141602e-01
2.539289891719818115e-01
9.354094862937927246e-01
-1.548260569572448730e+00
1.684167027473449707e+00
9.010574221611022949e-01
5.127525925636291504e-01
5.249927043914794922e-01
-9.737173318862915039e-01
1.013941287994384766e+00
6.931477785110473633e-01
5.931926369667053223e-01
-1.011282444000244141e+00
3.414847552776336670e-01
1.078815087676048279e-01
1.186313331127166748e-01
-2.606467604637145996e-01
1.339648485183715820e+00
7.596265673637390137e-01
-6.366529464721679688e-01
3.444028496742248535e-01
6.310036033391952515e-02
1.120895385742187500e+00
-3.506573140621185303e-01
-5.053235292434692383e-01
-8.038698881864547729e-02
1.395486593246459961e-01
1.228124499320983887e+00
-2.682709395885467529e-01
2.711296379566192627e-01
-1.154717683792114258e+00
1.082340240478515625e+00
-4.113546609878540039e-01
2.480180114507675171e-01
-3.530214726924896240e-01
-1.103926420211791992e+00
-9.416817426681518555e-01
-3.617919981479644775e-01
-4.746118485927581787e-01
-6.184039115905761719e-01
1.220656037330627441e+00
1.103267431259155273e+00
-4.205920398235321045e-01
5.127490758895874023e-01
-1.660708636045455933e-01
3.794931173324584961e-01
3.562428057193756104e-01
-6.085706949234008789e-01
-7.777572870254516602e-01
-5.534812211990356445e-01
-7.862352728843688965e-01
-9.318006038665771484e-01
6.438611149787902832e-01
7.939998060464859009e-02
5.021949410438537598e-01
1.217000856995582581e-01
5.979004502296447754e-01
-9.613422751426696777e-01
-8.481237888336181641e-01
-8.862020373344421387e-01
-8.763354420661926270e-01
-1.566465497016906738e+00
4.711445271968841553e-01
-1.494622468948364258e+00
-5.665050745010375977e-01
4.215076863765716553e-01
-5.581161975860595703e-01
2.251631915569305420e-01
9.581403732299804688e-01
1.240312933921813965e+00
6.701176166534423828e-01
6.432236433029174805e-01
4.616002738475799561e-01
-3.247885107994079590e-01
2.220924943685531616e-01
-7.576107978820800781e-01
3.921077027916908264e-02
9.152814745903015137e-01
-1.887481808662414551e-01
1.260488271713256836e+00
-5.365960597991943359e-01
-7.525858879089355469e-01
-8.563207983970642090e-01
1.420746743679046631e-01
-8.066762685775756836e-01
6.996181607246398926e-02
-1.309247851371765137e+00
1.278264820575714111e-01
-1.238352060317993164e+00
-1.585718393325805664e-01
5.801259875297546387e-01
6.334927082061767578e-01
-6.448325514793395996e-02
7.303839176893234253e-02
-6.352886557579040527e-01
3.316269516944885254e-01
-4.380497336387634277e-01
-1.054319858551025391e+00
2.146690785884857178e-01
1.387947201728820801e+00
8.999641537666320801e-01
6.428446620702743530e-02
3.623614087700843811e-02
1.138834118843078613e+00
-1.623026013374328613e+00
2.746751308441162109e-01
6.885370612144470215e-01
-3.727641403675079346e-01
4.360326528549194336e-01
3.069690167903900146e-01
-1.677010416984558105e+00
-7.714034318923950195e-01
1.219267368316650391e+00
-5.324662849307060242e-02
-1.729365438222885132e-01
1.024851560592651367e+00
-6.214267015457153320e-01
-1.046349883079528809e+00
2.064775228500366211e-01
5.892221331596374512e-01
5.139490962028503418e-02
-3.741274178028106689e-01
4.251617789268493652e-01
2.085203528404235840e-01
3.440582156181335449e-01
-3.723406195640563965e-01
1.591198682785034180e+00
-1.410124540328979492e+00
-1.014079928398132324e+00
6.805410981178283691e-01
1.877762824296951294e-01
6.486897468566894531e-01
-8.692633509635925293e-01
-4.089291691780090332e-01
3.559116423130035400e-01
-1.086614727973937988e+00
1.482869863510131836e+00
-4.126404225826263428e-01
9.916091561317443848e-01
-5.182236433029174805e-01
3.036750257015228271e-01
5.047360807657241821e-02
3.342831134796142578e-01
1.535794138908386230e+00
8.031728863716125488e-01
2.002223394811153412e-03
1.124706640839576721e-01
-7.866703271865844727e-01
1.182837411761283875e-01
2.358878403902053833e-01
-1.741581559181213379e+00
-5.162041783332824707e-01
2.759089767932891846e-01
1.267967075109481812e-01
1.042196869850158691e+00
2.541407942771911621e-01
3.129064142704010010e-01
-9.195761084556579590e-01
-1.317608475685119629e+00
6.295146942138671875e-01
-1.042770981788635254e+00
6.760212779045104980e-01
3.645609021186828613e-01
1.288436204195022583e-01
1.120095014572143555e+00
6.295821666717529297e-01
5.343745276331901550e-02
1.726058125495910645e+00
6.262343525886535645e-01
-9.053611159324645996e-01
1.471995234489440918e+00
-1.111530423164367676e+00
-1.124936342239379883e+00
-1.095570325851440430e+00
-8.399676084518432617e-01
-8.797165155410766602e-01
-6.955482363700866699e-01
-1.097005486488342285e+00
-3.862478435039520264e-01
2.801558077335357666e-01
-6.425338387489318848e-01
-1.800600886344909668e+00
1.297130823135375977e+00
-3.566353321075439453e-01
4.276060163974761963e-01
6.987026333808898926e-01
-4.705487936735153198e-02
-7.849084734916687012e-01
-1.148251056671142578e+00
-8.368667960166931152e-01
-1.157508850097656250e+00
4.029202163219451904e-01
5.356163382530212402e-01
-6.714424490928649902e-01
-2.544459998607635498e-01
-2.378721022978425026e-03
-5.858234763145446777e-01
-9.157913923263549805e-01
8.334517478942871094e-01
1.393147110939025879e-01
6.515744328498840332e-02
9.905281066894531250e-01
4.556375741958618164e-01
4.746499061584472656e-01
-9.961261153221130371e-01
9.618753939867019653e-02
-2.496176362037658691e-01
-8.201168179512023926e-01
-7.887903600931167603e-02
-1.554993838071823120e-01
-9.259516596794128418e-01
-3.399655222892761230e-01
-9.767258167266845703e-01
4.649849832057952881e-01
