7.762565612792968750e-01
1.216158270835876465e+00
-5.614066123962402344e-01
-1.700674533843994141e+00
-3.001897633075714111e-01
-1.630624413490295410e+00
-1.229820013046264648e+00
2.444740384817123413e-01
5.442058444023132324e-01
-2.000261783599853516e+00
7.699214220046997070e-01
3.619630634784698486e-01
7.367892563343048096e-02
-3.033914864063262939e-01
1.622249603271484375e+00
-1.073909163475036621e+00
4.342726767063140869e-01
1.314934849739074707e+00
1.061769351363182068e-01
1.970912888646125793e-02
2.836572229862213135e-01
2.852903008460998535e-01
6.377433538436889648e-01
1.452992320060729980e+00
1.279712319374084473e+00
9.558568596839904785e-01
-6.558476090431213379e-01
1.255143642425537109e+00
-8.430754542350769043e-01
-9.104769676923751831e-02
-9.925171136856079102e-01
-1.146111726760864258e+00
-1.476581931114196777e+00
5.753939151763916016e-01
1.288893222808837891e-01
3.377290666103363037e-01
-4.854179918766021729e-01
-6.260763108730316162e-02
1.346275091171264648e+00
3.839119672775268555e-01
-7.618911862373352051e-01
5.050723552703857422e-01
1.026189208030700684e+00
2.079046010971069336e+00
-1.053813938051462173e-02
6.784599423408508301e-01
-5.376256704330444336e-01
-5.633007287979125977e-01
-1.378754615783691406e+00
2.004810422658920288e-01
-2.138336002826690674e-01
1.562484651803970337e-01
1.652625650167465210e-01
4.961821138858795166e-01
4.517385363578796387e-01
-1.986972570419311523e+00
9.418943524360656738e-01
3.931324779987335205e-01
2.318331748247146606e-01
4.580950438976287842e-01
-1.307718902826309204e-01
1.308205962181091309e+00
-2.976433336734771729e-01
-1.846878975629806519e-02
-1.675324678421020508e+00
1.399968266487121582e+00
-1.018891334533691406e+00
1.029746770858764648e+00
4.489676561206579208e-03
1.438619941473007202e-01
1.218036532402038574e+00
8.205088973045349121e-01
1.138145089149475098e+00
-1.586072921752929688e+00
8.777162432670593262e-01
5.270721316337585449e-01
-1.579795032739639282e-01
3.718333244323730469e-01
-1.326208829879760742e+00
8.921146988868713379e-01
1.150726795196533203e+00
-3.810902237892150879e-01
-5.577636361122131348e-01
-5.496432185173034668e-01
-2.023761749267578125e+00
1.106164902448654175e-01
-1.511531621217727661e-01
1.430791020393371582e+00
-1.308147311210632324e+00
-1.393526911735534668e+00
-1.407531648874282837e-01
6.051237583160400391e-01
7.122614979743957520e-01
1.537706851959228516e+00
3.625860810279846191e-01
7.721107602119445801e-01
2.994121909141540527e-01
-6.293131113052368164e-01
-1.316762804985046387e+00
-1.665694713592529297e+00
-6.913190335035324097e-02
-2.337765842676162720e-01
-1.038202404975891113e+00
-5.473300218582153320e-01
2.096150964498519897e-01
7.734344601631164551e-01
-1.261809766292572021e-01
-1.639823615550994873e-01
-5.205049514770507812e-01
1.691996812820434570e+00
-1.406412839889526367e+00
1.309649467468261719e+00
1.477505683898925781e+00
-1.863361477851867676e+00
6.943767666816711426e-01
-1.432729840278625488e+00
-2.187213897705078125e-01
1.737434029579162598e+00
-1.651822328567504883e+00
-6.730054318904876709e-02
2.618289470672607422e+00
1.180076360702514648e+00
4.551016166806221008e-02
-1.177477002143859863e+00
9.406244158744812012e-01
8.074259757995605469e-01
2.031040936708450317e-01
-7.764260470867156982e-02
