9.793222695589065552e-02
1.968786418437957764e-01
-6.853913664817810059e-01
9.617425501346588135e-02
-4.362158477306365967e-01
1.514321714639663696e-01
6.043401956558227539e-01
-4.732678234577178955e-01
8.981856703758239746e-01
-9.842797517776489258e-01
-1.612391769886016846e-01
-1.169718980789184570e+00
7.997021824121475220e-02
-4.023461639881134033e-01
-5.933120846748352051e-01
-5.582938790321350098e-01
-2.671988308429718018e-01
-6.960651278495788574e-01
1.143103241920471191e+00
3.733310699462890625e-01
-1.395283579826354980e+00
4.223786666989326477e-02
-1.561426520347595215e+00
2.356376051902770996e-01
1.346878241747617722e-02
1.066278219223022461e+00
3.563918173313140869e-01
7.444287538528442383e-01
-3.246924877166748047e-01
-1.690761446952819824e+00
-5.525212362408638000e-02
-1.254757046699523926e+00
-1.842326045036315918e+00
9.455848932266235352e-01
-2.985582053661346436e-01
-1.541323781013488770e+00
4.584214389324188232e-01
-2.228996455669403076e-01
1.274764180183410645e+00
-2.498316578567028046e-02
-7.616040706634521484e-01
2.658203840255737305e-01
9.962739944458007812e-01
-7.963815927505493164e-01
-5.570364594459533691e-01
9.660856127738952637e-01
-9.768226742744445801e-01
1.089626401662826538e-01
-7.763720750808715820e-01
-8.481464385986328125e-01
-7.995003461837768555e-02
-2.631049752235412598e-01
2.582235634326934814e-01
1.186444163322448730e+00
1.282159686088562012e-01
2.917853184044361115e-02
2.419930696487426758e-01
2.654499113559722900e-01
-1.290740370750427246e+00
-1.527169048786163330e-01
-1.930828541517257690e-01
3.887160122394561768e-01
-1.228973746299743652e+00
-7.771445512771606445e-01
5.792277455329895020e-01
-1.672296375036239624e-01
-6.819617152214050293e-01
-3.468725979328155518e-01
4.576637744903564453e-01
-1.311610460281372070e+00
-6.219690442085266113e-01
-1.241903454065322876e-01
-8.878508806228637695e-01
-4.468207806348800659e-02
2.549438774585723877e-01
7.414931654930114746e-01
-1.175620913505554199e+00
1.892058700323104858e-01
-1.472263932228088379e+00
-1.088460013270378113e-01
-5.723688602447509766e-01
-1.218375921249389648e+00
-8.848991245031356812e-02
-7.273427844047546387e-01
-1.191615700721740723e+00
2.903620243072509766e+00
-1.034736394882202148e+00
1.745454519987106323e-01
8.500372618436813354e-02
8.336275219917297363e-01
-1.169332027435302734e+00
3.640074133872985840e-01
-2.876549959182739258e-01
1.950518637895584106e-01
-1.345788389444351196e-01
1.147127509117126465e+00
3.017363548278808594e-01
1.171353816986083984e+00
1.256764054298400879e+00
1.174973130226135254e+00
-1.479623198509216309e+00
-1.013290882110595703e+00
-1.503725647926330566e-01
3.377297222614288330e-01
-1.154297113418579102e+00
-6.900990009307861328e-01
-4.071996808052062988e-01
-1.278816461563110352e+00
-7.436884045600891113e-01
3.137181699275970459e-01
-1.401532173156738281e+00
4.067268073558807373e-01
6.873798966407775879e-01
-2.030443996191024780e-01
-8.327767252922058105e-01
-3.252562284469604492e-01
5.854846239089965820e-01
-5.086781084537506104e-02
-1.106493949890136719e+00
4.210982024669647217e-01
6.040800213813781738e-01
-1.406924486160278320e+00
5.393672585487365723e-01
9.055727124214172363e-01
1.276625245809555054e-01
-1.640938073396682739e-01
4.898372590541839600e-01
-7.623064517974853516e-02
-4.462259709835052490e-01
-4.472791552543640137e-01
6.409475207328796387e-01
-2.295728206634521484e+00
9.734068810939788818e-02
-4.239240288734436035e-01
1.657155305147171021e-01
-1.545555710792541504e+00
8.526752591133117676e-01
3.076688647270202637e-01
1.087083935737609863e+00
-5.389457941055297852e-01
-8.440180122852325439e-02
2.128583908081054688e+00
1.200284957885742188e+00
1.459107995033264160e-01
1.008124828338623047e+00
-1.382026433944702148e+00
-1.178582385182380676e-01
1.286003708839416504e+00
-5.679138302803039551e-01
3.985644504427909851e-02
3.787551820278167725e-01
1.095779895782470703e+00
-1.534566998481750488e+00
3.253982067108154297e-01
-5.579407215118408203e-01
-3.271178007125854492e-01
-2.545450031757354736e-01
1.793848723173141479e-01
1.000472664833068848e+00
-2.279673516750335693e-01
4.882818460464477539e-02
-2.496842145919799805e-01
-5.459039211273193359e-01
-2.526568174362182617e-01
-7.014316916465759277e-01
2.670084834098815918e-01
-6.510318517684936523e-01
-3.689099568873643875e-03
-1.021470785140991211e+00
-7.211422920227050781e-01
1.699442386627197266e+00
7.816312909126281738e-01
-6.628876179456710815e-02
-1.136468648910522461e+00
-1.638256669044494629e+00
-4.340229928493499756e-01
1.351230740547180176e+00
-3.110377490520477295e-01
-1.065868854522705078e+00
3.419443964958190918e-01
3.191225230693817139e-01
-2.951850891113281250e-01
3.773804903030395508e-01
-5.332482457160949707e-01
7.920455336570739746e-01
-3.825764060020446777e-01
8.261393308639526367e-01
4.222982227802276611e-01
-1.895548820495605469e+00
-7.803050875663757324e-01
-1.389586552977561951e-02
2.510807812213897705e-01
-5.197470784187316895e-01
1.399230509996414185e-01
5.202798843383789062e-01
-4.510932043194770813e-02
-6.835921406745910645e-01
-4.359146058559417725e-01
-3.803648054599761963e-01
1.077727437019348145e+00
4.602409005165100098e-01
6.930849552154541016e-01
-9.712239503860473633e-01
-3.131013214588165283e-01
4.333956837654113770e-01
-9.422234892845153809e-01
1.533269323408603668e-02
-6.556231975555419922e-01
-1.494528412818908691e+00
-1.105287432670593262e+00
-2.746316790580749512e-01
-2.685272395610809326e-01
-1.294198483228683472e-01
-1.270905613899230957e+00
-9.113618731498718262e-01
5.505828857421875000e-01
1.555159568786621094e+00
4.563878774642944336e-01
5.334035754203796387e-01
1.225014328956604004e+00
-8.086024969816207886e-02
7.597579956054687500e-01
5.818881988525390625e-01
2.122397124767303467e-01
-1.329239487648010254e+00
3.479012250900268555e-01
6.253652572631835938e-01
8.567218184471130371e-01
1.202275872230529785e+00
-3.144058585166931152e-01
5.271864533424377441e-01
-9.935076236724853516e-01
-1.454195737838745117e+00
1.115588068962097168e+00
-1.671695858240127563e-01
-1.098639965057373047e+00
4.802908003330230713e-01
-8.309634327888488770e-01
1.024463534355163574e+00
-3.518688306212425232e-02
3.313487172126770020e-01
-4.378480315208435059e-01
1.002504944801330566e+00
3.255599141120910645e-01
3.071829378604888916e-01
1.409907341003417969e+00
-1.235336542129516602e+00
-7.641544342041015625e-01
-2.935847640037536621e-01
-6.786331534385681152e-03
1.209130603820085526e-02
2.859198451042175293e-01
-1.522451788187026978e-01
-1.993544697761535645e-01
-5.612503886222839355e-01
-1.405232548713684082e+00
-7.729400396347045898e-01
1.158084630966186523e+00
5.563846230506896973e-02
-7.267307639122009277e-01
1.122700333595275879e+00
-1.217181682586669922e+00
6.551167368888854980e-02
4.545837044715881348e-01
-1.482397556304931641e+00
1.859487533569335938e+00
1.788888722658157349e-01
4.467470347881317139e-01
-1.474622964859008789e+00
-1.881380677223205566e-01
8.035941123962402344e-01
-1.072511911392211914e+00
1.178608059883117676e+00
1.233353853225708008e+00
-1.224538326263427734e+00
9.707211852073669434e-01
-1.232765793800354004e+00
-1.340775787830352783e-01
1.043357968330383301e+00
-8.152528405189514160e-01
-2.509341537952423096e-01
1.340913176536560059e+00
-5.419542193412780762e-01
-1.337561845779418945e+00
-5.313977971673011780e-02
-2.441750526428222656e+00
6.251024603843688965e-01
1.601013541221618652e-01
-6.165118217468261719e-01
1.856793314218521118e-01
-4.112514257431030273e-01
1.356725394725799561e-01
-3.456640616059303284e-02
6.875051856040954590e-01
-1.069452166557312012e+00
3.716172873973846436e-01
-1.422740459442138672e+00
8.212965130805969238e-01
-8.665798306465148926e-01
-6.410636901855468750e-01
3.825504779815673828e-01
-1.234205365180969238e+00
7.945696115493774414e-01
7.933177947998046875e-01
-2.010721445083618164e+00
1.011711657047271729e-01
-5.774889588356018066e-01
-9.577427506446838379e-01
6.636375784873962402e-01
-2.532094717025756836e-01
-6.998161673545837402e-01
1.483188629150390625e+00
5.678885579109191895e-01
-8.922652602195739746e-01
8.598963022232055664e-01
-7.111010551452636719e-01
2.045478820800781250e-01
-7.058236002922058105e-02
-1.712446331977844238e+00
-9.814933538436889648e-01
-1.109195828437805176e+00
-3.364407718181610107e-01
-2.387551069259643555e-01
1.038268089294433594e+00
8.953804373741149902e-01
5.192697644233703613e-01
1.492044329643249512e+00
2.563177585601806641e+00
-1.150861501693725586e+00
-4.411504268646240234e-01
3.712726756930351257e-02
3.773518800735473633e-01
-8.815625905990600586e-01
-1.059580683708190918e+00
-8.910447359085083008e-01
1.460861802101135254e+00
-5.959282517433166504e-01
1.000779747962951660e+00
9.343225508928298950e-02
-6.900913715362548828e-01
-1.111375570297241211e+00
8.633916974067687988e-01
-5.009813606739044189e-02
1.723984599113464355e+00
1.897780179977416992e+00
7.281322479248046875e-01
-8.212120532989501953e-01
5.268512964248657227e-01
9.998806565999984741e-02
-4.714386761188507080e-01
4.623342156410217285e-01
1.924384236335754395e-01
-1.157801032066345215e+00
6.004613265395164490e-02
7.023051977157592773e-01
-7.688285708427429199e-01
4.082066416740417480e-01
1.802578270435333252e-01
-1.580268621444702148e+00
-1.090024352073669434e+00
-1.754031062126159668e+00
1.213651895523071289e+00
-9.329552054405212402e-01
-1.307949185371398926e+00
8.054875731468200684e-01
8.106258511543273926e-01
-5.477644801139831543e-01
-9.106716513633728027e-02
5.114273428916931152e-01
-1.168790221214294434e+00
-3.291642367839813232e-01
4.887059330940246582e-01
-1.662274241447448730e+00
9.937967061996459961e-01
1.850946068763732910e+00
8.197296857833862305e-01
-4.150648117065429688e-01
-1.508458018302917480e+00
2.838710844516754150e-01
-9.241319298744201660e-01
8.258355259895324707e-01
1.525219440460205078e+00
4.020012170076370239e-02
-1.025977492332458496e+00
-5.732353329658508301e-01
-6.308850646018981934e-01
1.608719587326049805e+00
-1.310337066650390625e+00
1.041075348854064941e+00
1.763613224029541016e+00
1.299125194549560547e+00
8.564043045043945312e-01
-5.576238036155700684e-01
-3.311481177806854248e-01
-1.545282751321792603e-01
7.576296925544738770e-01
8.544617891311645508e-01
1.423363853245973587e-02
-8.230516314506530762e-01
4.462212324142456055e-01
6.934662461280822754e-01
-5.482620596885681152e-01
7.123129367828369141e-01
4.532859027385711670e-01
1.101954460144042969e+00
4.497218430042266846e-01
7.424662113189697266e-01
1.836774498224258423e-01
6.466835737228393555e-01
-1.389350175857543945e+00
-2.599251568317413330e-01
-1.292781710624694824e+00
3.707179725170135498e-01
1.206101626157760620e-01
-4.204595685005187988e-01
1.983905732631683350e-01
-3.489082753658294678e-01
-1.119638085365295410e+00
-3.916490674018859863e-01
-8.471178412437438965e-01
1.737354695796966553e-02
-6.269405037164688110e-02
6.350622326135635376e-02
-4.421582818031311035e-01
-6.440169215202331543e-01
3.991058766841888428e-01
-4.453261196613311768e-01
3.398552238941192627e-01
-3.963265419006347656e-01
-4.798751473426818848e-01
-1.180225014686584473e+00
5.850304961204528809e-01
6.080557703971862793e-01
8.036577701568603516e-01
2.122782230377197266e+00
8.315594792366027832e-01
8.332117795944213867e-01
-5.066941380500793457e-01
5.262259840965270996e-01
-7.929064035415649414e-01
4.622069597244262695e-01
1.815956115722656250e+00
4.448179602622985840e-01
2.241603657603263855e-02
-7.993072867393493652e-01
5.142846107482910156e-01
9.709102511405944824e-01
-8.645974397659301758e-01
1.677890717983245850e-01
3.914210796356201172e-01
5.064884424209594727e-01
-2.506294250488281250e-01
-7.585648894309997559e-01
1.166586160659790039e+00
1.214124321937561035e+00
-3.159210979938507080e-01
-7.437543272972106934e-01
3.790924549102783203e-01
-1.705264925956726074e+00
4.397153556346893311e-01
2.327635526657104492e+00
8.873022347688674927e-02
1.167456880211830139e-01
3.127094805240631104e-01
-6.096001863479614258e-01
6.799033880233764648e-01
-9.764479994773864746e-01
-1.401229858398437500e+00
-3.776383772492408752e-02
-3.266356885433197021e-01
-1.108318328857421875e+00
5.375102758407592773e-01
1.034914612770080566e+00
2.183790951967239380e-01
2.421403229236602783e-01
2.100237369537353516e+00
7.427144646644592285e-01
3.063989579677581787e-01
1.420388936996459961e+00
-1.604865074157714844e+00
2.084174901247024536e-01
-1.663078665733337402e+00
-3.069177567958831787e-01
-2.761006355285644531e-01
1.289902031421661377e-01
1.922921538352966309e-01
1.118968248367309570e+00
1.050619482994079590e+00
-1.985468268394470215e+00
3.702171742916107178e-01
-5.464884638786315918e-01
-3.896589949727058411e-02
-1.131057500839233398e+00
-5.799452662467956543e-01
-4.121856689453125000e-01
2.213403135538101196e-01
5.649658441543579102e-01
-1.447558283805847168e+00
-1.678993701934814453e+00
-2.307229787111282349e-01
1.641717553138732910e-02
9.518314599990844727e-01
2.931235432624816895e-01
1.072472453117370605e+00
-8.682459592819213867e-02
1.480688452720642090e-01
8.557978272438049316e-02
1.096821665763854980e+00
-1.062967181205749512e+00
-4.910626411437988281e-01
-4.619636833667755127e-01
4.236003458499908447e-01
1.492394208908081055e+00
1.945678442716598511e-01
-9.439406394958496094e-01
-9.038650989532470703e-01
-7.640522718429565430e-01
-2.354420721530914307e-01
2.969619333744049072e-01
4.843575060367584229e-01
-6.317903399467468262e-01
-1.855953454971313477e+00
-1.197312995791435242e-01
1.649166494607925415e-01
-4.772641360759735107e-01
-7.256326675415039062e-01
1.823713183403015137e-01
-6.094716191291809082e-01
6.181882694363594055e-02
5.959561467170715332e-01
-1.014927029609680176e+00
1.798047900199890137e+00
3.141819834709167480e-01
9.243036508560180664e-01
-3.872301662340760231e-03
4.167166352272033691e-01
1.241312399506568909e-01
-3.771521151065826416e-01
-1.242477774620056152e+00
9.765636324882507324e-01
5.044879019260406494e-02
-6.466303467750549316e-01
6.139540672302246094e-01
-4.325619637966156006e-01
1.137295722961425781e+00
-5.765841007232666016e-01
-1.831200569868087769e-01
-8.691650032997131348e-01
4.364686012268066406e-01
-3.501795530319213867e-01
6.162290647625923157e-02
-6.710803508758544922e-01
5.555875301361083984e-01
2.156857550144195557e-01
1.608794689178466797e+00
6.209380030632019043e-01
7.883511185646057129e-01
4.020443260669708252e-01
-5.536336898803710938e-01
1.049012422561645508e+00
-8.200451135635375977e-01
-8.546353578567504883e-01
2.830693423748016357e-01
-8.596512079238891602e-01
1.055040955543518066e+00
3.405177891254425049e-01
5.150602459907531738e-01
1.254572749137878418e+00
1.273200809955596924e-01
2.004413843154907227e+00
5.062165856361389160e-01
3.660423159599304199e-01
9.773038625717163086e-01
8.808323144912719727e-01
6.978915333747863770e-01
1.116287231445312500e+00
-5.157468914985656738e-01
-6.042143702507019043e-01
-2.843550145626068115e-01
5.441229343414306641e-01
6.473981142044067383e-01
9.492478966712951660e-01
-2.961166501045227051e-01
-7.732413411140441895e-01
9.528741240501403809e-01
-5.044907331466674805e-01
7.657563090324401855e-01
-4.557435810565948486e-01
-1.194424986839294434e+00
-1.350253939628601074e+00
-1.422255486249923706e-01
-5.862153172492980957e-01
6.737760901451110840e-01
4.340984523296356201e-01
4.138903617858886719e-01
1.173786044120788574e+00
-1.315234780311584473e+00
1.194155573844909668e+00
5.408880859613418579e-02
8.160022497177124023e-01
9.900075197219848633e-01
1.590924113988876343e-01
-7.668996453285217285e-01
1.617528200149536133e-01
3.268893957138061523e-01
9.959030151367187500e-01
-3.788198530673980713e-01
9.821731448173522949e-01
-1.574639797210693359e+00
-9.700238108634948730e-01
-4.254333376884460449e-01
-2.108378112316131592e-01
-1.158583164215087891e+00
1.306504756212234497e-01
-5.512282252311706543e-01
-6.095763295888900757e-02
6.733459830284118652e-01
-1.877551227807998657e-01
6.296881437301635742e-01
-6.108982563018798828e-01
-5.680767893791198730e-01
-4.472596645355224609e-01
6.026131510734558105e-01
2.805036306381225586e-01
1.190500140190124512e+00
-9.345959872007369995e-02
-3.613142371177673340e-01
-3.821618258953094482e-01
4.309217035770416260e-01
-9.272278547286987305e-01
8.345482945442199707e-01
1.846755862236022949e+00
-1.980785489082336426e+00
2.535283565521240234e-01
1.112884402275085449e+00
-1.867661029100418091e-01
9.688945412635803223e-01
2.337572872638702393e-01
-5.277005583047866821e-02
-1.249436736106872559e+00
3.615920618176460266e-02
3.659986192360520363e-03
6.084759235382080078e-01
1.638476401567459106e-01
-1.166026473045349121e+00
-5.567079186439514160e-01
-6.929787993431091309e-01
-7.782765030860900879e-01
-1.134366989135742188e-01
-1.018526703119277954e-01
4.100722670555114746e-01
-5.840936899185180664e-01
-1.373800873756408691e+00
-1.646601408720016479e-01
6.885339021682739258e-01
-5.547242164611816406e-01
1.014167070388793945e+00
-5.166640877723693848e-01
9.600638151168823242e-01
1.057663202285766602e+00
-1.203066945075988770e+00
-1.751698851585388184e+00
-5.235819220542907715e-01
-2.251002550125122070e+00
8.415437936782836914e-01
-1.769776940345764160e-01
2.270572930574417114e-01
-3.812635838985443115e-01
1.238728284835815430e+00
-8.040344119071960449e-01
-1.357233166694641113e+00
-6.426786184310913086e-01
-1.786511182785034180e+00
-1.319210886955261230e+00
1.221928596496582031e+00
3.098723590373992920e-01
-1.444769740104675293e+00
2.866665601730346680e+00
-5.978811383247375488e-01
2.168191373348236084e-01
8.137654662132263184e-01
-1.285250425338745117e+00
-1.168818950653076172e+00
-1.075992107391357422e+00
-6.396117806434631348e-01
-4.823816716670989990e-01
-2.817949652671813965e-01
-8.828352689743041992e-01
-6.266188025474548340e-01
1.344861090183258057e-01
-7.770893573760986328e-01
-9.621381759643554688e-01
-8.093878626823425293e-02
1.852000951766967773e+00
9.916630387306213379e-01
-2.168754339218139648e-01
-1.045948982238769531e+00
-6.340809464454650879e-01
-1.660600781440734863e+00
2.758316993713378906e-01
-4.608298242092132568e-01
1.578091233968734741e-01
3.581942617893218994e-01
1.360523581504821777e+00
6.252508163452148438e-01
-4.493281543254852295e-01
1.972995400428771973e+00
-1.260193228721618652e+00
-1.064796447753906250e+00
7.046762108802795410e-01
-6.716529726982116699e-01
4.397264122962951660e-01
6.469829678535461426e-01
-1.144534826278686523e+00
4.283141195774078369e-01
-1.611655354499816895e+00
-5.060092806816101074e-01
3.657222688198089600e-01
1.254402518272399902e+00
9.433899074792861938e-02
1.048475503921508789e-01
1.046216964721679688e+00
2.900730967521667480e-01
1.766089439392089844e+00
-2.856363542377948761e-02
3.488158285617828369e-01
-1.619275689125061035e+00
1.631673574447631836e+00
5.384066104888916016e-01
7.636352181434631348e-01
-9.938141703605651855e-01
-1.016776561737060547e+00
-1.087913289666175842e-01
2.539878368377685547e+00
1.066313028335571289e+00
-2.189452350139617920e-01
-7.925137877464294434e-01
2.758077979087829590e-01
1.064823985099792480e+00
-4.394174516201019287e-01
4.894346371293067932e-02
-4.114172756671905518e-01
1.262122631072998047e+00
1.364177107810974121e+00
6.404905021190643311e-02
-6.112870573997497559e-01
8.855082988739013672e-01
2.686474323272705078e-01
6.696329712867736816e-01
-6.341860294342041016e-01
-2.069055885076522827e-01
5.652964115142822266e-01
5.183723568916320801e-01
-4.967360571026802063e-02
3.144249916076660156e-01
-4.010362029075622559e-01
7.507259845733642578e-01
-5.423070192337036133e-01
-8.773340582847595215e-01
-3.791743516921997070e-01
-7.604384422302246094e-02
6.603424549102783203e-01
-2.492915838956832886e-01
-2.950931489467620850e-01
-2.019207924604415894e-01
2.043364197015762329e-01
2.961407601833343506e-01
-1.833086758852005005e-01
-2.983691096305847168e-01
-8.483824729919433594e-01
1.133720636367797852e+00
1.555128097534179688e-01
4.846029281616210938e-01
4.931562542915344238e-01
-7.788662314414978027e-01
8.009527325630187988e-01
1.097663998603820801e+00
5.029615759849548340e-01
-1.022606134414672852e+00
1.118159890174865723e-01
9.796594977378845215e-01
-1.495132595300674438e-01
-3.041065633296966553e-01
-1.759782880544662476e-01
-9.089555144309997559e-01
1.095142602920532227e+00
-8.965467214584350586e-01
4.133342504501342773e-01
2.907982766628265381e-01
1.089082002639770508e+00
6.253895759582519531e-01
1.088955283164978027e+00
-9.865247011184692383e-01
9.440000057220458984e-01
-7.091571092605590820e-01
6.306979656219482422e-01
-1.813686132431030273e+00
-9.869251847267150879e-01
-8.914059400558471680e-01
1.004814654588699341e-01
4.061036407947540283e-01
-3.322499692440032959e-01
-1.284710168838500977e+00
5.211402773857116699e-01
1.512609004974365234e+00
7.281289100646972656e-01
-2.358976937830448151e-02
-1.474875092506408691e+00
2.057148694992065430e+00
1.121205568313598633e+00
1.337123215198516846e-01
2.646418511867523193e-01
-1.430263519287109375e+00
-3.431980311870574951e-01
-1.814836740493774414e+00
-1.744451522827148438e-01
-6.478473544120788574e-01
8.742729574441909790e-02
-2.812205851078033447e-01
-6.944527626037597656e-01
-3.299369513988494873e-01
1.252639889717102051e+00
-4.991572201251983643e-01
9.497738480567932129e-01
-4.951637387275695801e-01
1.769774079322814941e+00
-6.210579276084899902e-01
-6.253902316093444824e-01
-1.109435036778450012e-01
-5.839933156967163086e-01
-1.016875982284545898e+00
4.193916320800781250e-01
3.736692667007446289e-01
-9.018409848213195801e-01
-5.085958838462829590e-01
-4.653018414974212646e-01
1.175604820251464844e+00
2.672529816627502441e-01
6.422180533409118652e-01
-8.946980834007263184e-01
4.774288237094879150e-01
4.477207362651824951e-01
-3.428932726383209229e-01
2.811879217624664307e-01
-3.821376860141754150e-01
-9.832144379615783691e-01
1.643099188804626465e+00
2.989780530333518982e-02
1.064853906631469727e+00
5.963680744171142578e-01
1.201096892356872559e+00
1.954372525215148926e+00
-1.287371039390563965e+00
9.222406893968582153e-02
9.692106246948242188e-01
-8.545318245887756348e-01
2.972978651523590088e-01
-1.814264059066772461e-01
2.450651884078979492e+00
-7.520900368690490723e-01
-1.495538651943206787e-01
-1.933417558670043945e+00
8.156439661979675293e-01
-4.431728720664978027e-01
7.549613118171691895e-01
8.255376666784286499e-02
5.631917715072631836e-01
-4.552343189716339111e-01
2.013825476169586182e-01
-7.603216171264648438e-01
1.751054167747497559e+00
-7.391780614852905273e-01
8.719096183776855469e-01
-2.310278266668319702e-01
2.425815016031265259e-01
-6.837860345840454102e-01
5.087804794311523438e-01
-1.467948555946350098e+00
-1.232518330216407776e-01
-1.305392146110534668e+00
1.546109318733215332e+00
-4.659180343151092529e-01
-9.798125028610229492e-01
3.470412492752075195e-01
-8.552645444869995117e-01
-6.494625806808471680e-01
9.441646933555603027e-01
1.181744575500488281e+00
-9.152998328208923340e-01
-9.605993032455444336e-01
1.865751445293426514e-01
1.213006973266601562e+00
-1.282181382179260254e+00
-1.164448261260986328e+00
-6.426408886909484863e-01
-1.196487620472908020e-01
2.168167084455490112e-01
-6.516256332397460938e-01
-4.184212088584899902e-01
-2.820324897766113281e-02
1.695058465003967285e+00
-5.807020664215087891e-01
-6.113780736923217773e-01
2.664308845996856689e-01
-8.848240226507186890e-02
-1.625020861625671387e+00
4.651520252227783203e-01
1.991133689880371094e-01
8.826189488172531128e-02
6.028177142143249512e-01
-1.089939594268798828e+00
1.509006917476654053e-01
1.036577224731445312e+00
-7.006832957267761230e-02
4.949436485767364502e-01
-2.227034121751785278e-01
3.840328156948089600e-01
1.802396476268768311e-01
2.985104024410247803e-01
-9.346213936805725098e-01
-1.035153508186340332e+00
-5.673807263374328613e-01
3.118783235549926758e-01
1.488989591598510742e-01
4.120549559593200684e-01
-1.207650423049926758e+00
6.397281289100646973e-01
-3.219665214419364929e-02
1.349983811378479004e+00
-3.248763382434844971e-01
-2.218272447586059570e+00
-2.829521298408508301e-01
-5.451717376708984375e-01
1.104888558387756348e+00
-1.562948226928710938e+00
5.983607769012451172e-01
-6.810384988784790039e-02
-1.225600466132164001e-01
2.070475816726684570e+00
-4.374629259109497070e-01
-3.227693736553192139e-01
1.018148541450500488e+00
-2.163709998130798340e-01
-3.461138010025024414e-01
-6.452704668045043945e-01
-1.051567196846008301e-01
5.362439751625061035e-01
1.702685475349426270e+00
-2.687338292598724365e-01
-2.004231452941894531e+00
-9.952592253684997559e-01
-4.324577152729034424e-01
-4.347244203090667725e-01
2.276405245065689087e-01
4.016784429550170898e-01
-4.670144617557525635e-01
-5.944541096687316895e-01
7.833428680896759033e-02
1.316951155662536621e+00
-1.248192548751831055e+00
-1.286533236503601074e+00
-9.739196896553039551e-01
7.966973185539245605e-01
-1.312362313270568848e+00
2.041617035865783691e-01
-9.608882069587707520e-01
4.522461593151092529e-01
-8.678914904594421387e-01
-2.451335787773132324e-01
-1.334567189216613770e+00
1.319776892662048340e+00
7.161234021186828613e-01
-9.556776881217956543e-01
7.032279968261718750e-01
-4.628491699695587158e-01
1.343515276908874512e+00
8.322702050209045410e-01
4.944126904010772705e-01
-8.753665089607238770e-01
-2.202529013156890869e-01
-2.761463820934295654e-01
-9.626107215881347656e-01
2.900234937667846680e+00
3.156355917453765869e-01
-7.083445787429809570e-01
-3.878795206546783447e-01
-1.462405771017074585e-01
1.444850802421569824e+00
-4.806294739246368408e-01
1.212162137031555176e+00
6.192401796579360962e-02
7.636806964874267578e-01
1.039429545402526855e+00
6.066778302192687988e-01
1.130936026573181152e+00
-1.060768246650695801e+00
3.513709604740142822e-01
-7.361126542091369629e-01
-2.566914558410644531e+00
1.058754563331604004e+00
