1.851828098297119141e+00
-1.575345516204833984e+00
-2.390445917844772339e-01
9.450783133506774902e-01
-1.254492282867431641e+00
-5.255429446697235107e-02
2.100209891796112061e-01
7.872033715248107910e-01
-6.325342506170272827e-02
-3.629264533519744873e-01
1.165195822715759277e+00
-1.144802570343017578e+00
5.383511185646057129e-01
-2.108019113540649414e+00
-3.123874366283416748e-01
4.802654385566711426e-01
9.198535680770874023e-01
-1.631017684936523438e+00
-8.536260724067687988e-01
-1.256782889366149902e+00
4.777722954750061035e-01
-5.821508169174194336e-01
-1.072347879409790039e+00
1.561569273471832275e-01
1.189970135688781738e+00
-9.933670163154602051e-01
1.011779978871345520e-01
-6.346058845520019531e-01
2.994799017906188965e-01
1.126789674162864685e-01
6.538095474243164062e-01
6.715235710144042969e-01
7.374895811080932617e-01
-9.938507080078125000e-01
-7.468448877334594727e-01
-8.591106534004211426e-01
-1.076393604278564453e+00
-5.641618371009826660e-01
-1.640595197677612305e+00
1.020483732223510742e+00
-8.847713470458984375e-01
-1.262601017951965332e-01
-3.665660023689270020e-01
1.095112800598144531e+00
8.549972176551818848e-01
-4.935093522071838379e-01
-1.492745757102966309e+00
-1.048009097576141357e-01
1.207311525940895081e-01
1.479926586151123047e+00
2.064316123723983765e-01
8.059199154376983643e-02
1.350462883710861206e-01
-7.982343435287475586e-01
1.497603803873062134e-01
-1.016740679740905762e+00
7.195693254470825195e-01
6.917291879653930664e-01
-2.330473899841308594e+00
6.596858501434326172e-01
-2.505211114883422852e+00
2.100661516189575195e+00
1.627288013696670532e-01
2.086547017097473145e-02
7.453770041465759277e-01
1.346674114465713501e-01
5.866062045097351074e-01
8.145329952239990234e-01
1.882873773574829102e+00
-7.284183502197265625e-01
-1.596255064010620117e+00
5.888527631759643555e-02
1.631770849227905273e+00
-1.244032144546508789e+00
7.901464700698852539e-01
4.753236100077629089e-02
1.632703542709350586e+00
-5.128765106201171875e-01
1.438417196273803711e+00
1.247270941734313965e+00
2.835990786552429199e-01
-6.624117493629455566e-01
1.690867915749549866e-02
-8.266275525093078613e-01
-9.320369958877563477e-01
-2.838724553585052490e-01
-6.247512698173522949e-01
6.496749818325042725e-02
-1.736290931701660156e+00
5.678591728210449219e-01
-1.125509619712829590e+00
5.677872523665428162e-02
3.664946258068084717e-01
1.111015558242797852e+00
1.031026601791381836e+00
-1.602559238672256470e-01
1.587596654891967773e+00
1.516555696725845337e-01
3.851008415222167969e-01
1.947118490934371948e-01
1.467535495758056641e+00
-6.674664020538330078e-01
-4.356756508350372314e-01
-2.745036602020263672e+00
-9.528490900993347168e-02
-1.110228657722473145e+00
-9.962151646614074707e-01
-4.648471772670745850e-01
6.946243047714233398e-01
-1.991850584745407104e-01
1.401238203048706055e+00
1.182718038558959961e+00
-7.622006535530090332e-01
-4.425888061523437500e-01
-2.196838617324829102e+00
-3.862704932689666748e-01
-2.421647161245346069e-01
-3.108338117599487305e-01
5.273457169532775879e-01
4.279713630676269531e-01
-3.191227614879608154e-01
-2.588682770729064941e-01
2.799745798110961914e-01
8.992232680320739746e-01
1.567106842994689941e-01
-7.969826459884643555e-01
-1.547127515077590942e-01
-1.407226920127868652e+00
