2.294378876686096191e-01
4.821936413645744324e-02
3.564251661300659180e-01
9.735412895679473877e-02
-3.359121084213256836e-01
8.103415966033935547e-01
8.842684030532836914e-01
-6.936628818511962891e-01
3.597258329391479492e-01
1.155563354492187500e+00
1.119446635246276855e+00
-1.032121539115905762e+00
2.743750214576721191e-01
-1.070792198181152344e+00
1.041850566864013672e+00
7.096199989318847656e-01
4.999374747276306152e-01
6.432552933692932129e-01
-6.154786348342895508e-01
-1.604384303092956543e+00
8.705880045890808105e-01
3.849004805088043213e-01
5.792741179466247559e-01
-1.492008090019226074e+00
1.154786705970764160e+00
1.333216786384582520e+00
-8.475326895713806152e-01
-5.650264024734497070e-01
1.590992063283920288e-01
-1.176382422447204590e+00
1.032557725906372070e+00
-1.081909298896789551e+00
8.568827807903289795e-02
-4.570207297801971436e-01
2.045051380991935730e-02
-9.935230612754821777e-01
-9.098168611526489258e-01
-1.721396595239639282e-01
3.894290030002593994e-01
7.983464598655700684e-01
1.677958518266677856e-01
-1.770441532135009766e+00
6.696364879608154297e-01
2.524668872356414795e-01
-9.601486474275588989e-02
-5.767202377319335938e-01
-9.486133456230163574e-01
-3.479451835155487061e-01
-2.311825752258300781e-01
2.048043608665466309e-01
2.623666524887084961e-01
-3.119521737098693848e-01
-1.766447573900222778e-01
3.996171355247497559e-01
-4.325843751430511475e-01
4.060674905776977539e-01
-9.152310490608215332e-01
-8.154549002647399902e-01
-8.723990321159362793e-01
6.722256541252136230e-01
-5.868474245071411133e-01
2.393564879894256592e-01
2.570725381374359131e-01
-7.737434506416320801e-01
-2.307994365692138672e+00
7.743048071861267090e-01
5.161140561103820801e-01
-1.767303347587585449e-01
-1.003569483757019043e+00
-2.212512493133544922e+00
1.186108469963073730e+00
-3.053435496985912323e-02
-4.359703361988067627e-01
-1.507717490196228027e+00
-1.190021820366382599e-02
-1.563940942287445068e-01
1.397462129592895508e+00
-1.066649630665779114e-01
-8.535806536674499512e-01
1.194900989532470703e+00
-1.496882915496826172e+00
8.614410459995269775e-02
1.464845538139343262e+00
-6.267989277839660645e-01
1.244207143783569336e+00
1.224827319383621216e-01
-1.250694513320922852e+00
-1.533770561218261719e+00
4.843347668647766113e-01
6.239261031150817871e-01
1.686115503311157227e+00
-1.004842042922973633e+00
3.304646611213684082e-01
-1.318906307220458984e+00
1.762622594833374023e-01
-6.414261460304260254e-01
5.845564603805541992e-01
-2.855620682239532471e-01
5.681818127632141113e-01
7.837955355644226074e-01
-1.998936086893081665e-01
-3.307481110095977783e-01
1.179964169859886169e-01
-1.290709257125854492e+00
3.486015796661376953e-01
-1.812029361724853516e+00
-3.990021720528602600e-02
3.174287080764770508e-01
-1.137925863265991211e+00
1.445409417152404785e+00
5.033109188079833984e-01
-4.232265353202819824e-01
2.524968609213829041e-02
-2.415124885737895966e-02
-8.504287600517272949e-01
1.270327329635620117e+00
8.756142258644104004e-01
3.358793258666992188e-01
-5.320991277694702148e-01
1.944976568222045898e+00
-1.775891423225402832e+00
-4.315006732940673828e-01
-1.632898002862930298e-01
-3.993788957595825195e-01
4.937439858913421631e-01
-7.430427074432373047e-01
3.106671869754791260e-01
-3.356734216213226318e-01
2.193642109632492065e-01
8.676616549491882324e-01
6.667549014091491699e-01
-7.867410182952880859e-01
-2.975523769855499268e-01
1.904942095279693604e-01
-7.117347419261932373e-02
-8.189142346382141113e-01
4.154668450355529785e-01
-6.201447248458862305e-01
-1.177894234657287598e+00
-5.105288326740264893e-02
1.012000560760498047e+00
8.704857230186462402e-01
-9.477736055850982666e-02
-3.646779656410217285e-01
-1.192983150482177734e+00
-1.806559205055236816e+00
9.991244077682495117e-01
3.079883456230163574e-01
-4.212273359298706055e-01
-5.221468210220336914e-01
-1.289627552032470703e+00
-2.474791556596755981e-01
-3.534292876720428467e-01
9.301722645759582520e-01
4.473093748092651367e-01
-2.910021245479583740e-01
-3.997680246829986572e-01
-1.718615293502807617e-01
6.407873630523681641e-01
-1.134985804557800293e+00
-6.520127058029174805e-01
1.702395677566528320e+00
7.542896866798400879e-01
-7.102563381195068359e-01
-1.018662452697753906e+00
5.539736151695251465e-01
1.215094979852437973e-02
2.255078405141830444e-01
-9.464015066623687744e-02
1.534719228744506836e+00
-8.010412454605102539e-01
1.057425618171691895e+00
-6.894736886024475098e-01
-3.106931447982788086e-01
1.663267612457275391e-01
-3.549176035448908806e-03
-4.262697398662567139e-01
-1.199254393577575684e+00
-9.683873504400253296e-02
-1.341161370277404785e+00
7.268148064613342285e-01
-7.580329179763793945e-01
-2.231662869453430176e-01
9.790933132171630859e-01
3.876541554927825928e-01
6.276450157165527344e-01
-2.096773684024810791e-01
-1.120427727699279785e+00
-1.072793126106262207e+00
-4.203098714351654053e-01
-1.968475699424743652e+00
-1.448319077491760254e+00
-1.173134922981262207e+00
4.547715485095977783e-01
-7.017128467559814453e-01
2.144438743591308594e+00
-4.124563336372375488e-01
-6.347863674163818359e-01
-2.033633887767791748e-01
-2.280177921056747437e-01
-9.195192456245422363e-01
-4.996533393859863281e-01
-8.458768725395202637e-01
4.927436113357543945e-01
4.682381153106689453e-01
-3.072938136756420135e-02
-9.276858568191528320e-01
-5.724056437611579895e-02
-4.910551905632019043e-01
-6.048446297645568848e-01
-9.304417371749877930e-01
-8.137216567993164062e-01
2.889112234115600586e-01
4.145086705684661865e-01
6.098698973655700684e-01
-2.413421124219894409e-01
3.297599852085113525e-01
-1.485284805297851562e+00
-9.405879676342010498e-02
-1.747655123472213745e-01
-1.458548605442047119e-01
-2.098991721868515015e-01
-8.592040538787841797e-01
-4.024294316768646240e-01
-8.433701992034912109e-01
-1.019762039184570312e+00
6.433988213539123535e-01
4.964034259319305420e-01
7.851457595825195312e-01
-2.645482718944549561e-01
3.213333338499069214e-02
-1.047755599021911621e+00
6.810991764068603516e-01
-5.463237762451171875e-01
9.792439937591552734e-01
-9.969026595354080200e-02
1.556532740592956543e+00
1.009453177452087402e+00
-4.327417910099029541e-01
-9.065336585044860840e-01
-1.847220063209533691e+00
-8.010302782058715820e-01
-1.035806536674499512e+00
-5.898874253034591675e-02
-6.168558001518249512e-01
-5.913847088813781738e-01
-1.480721086263656616e-01
-4.788246750831604004e-01
-1.277174502611160278e-01
5.148904398083686829e-02
7.131202816963195801e-01
-1.096935868263244629e+00
-1.178082823753356934e+00
-5.903359055519104004e-01
8.571079969406127930e-01
9.058291316032409668e-01
-4.195090532302856445e-01
5.469796657562255859e-01
1.119760751724243164e+00
1.028980016708374023e+00
2.066331654787063599e-01
2.442024499177932739e-01
-9.672272205352783203e-01
-1.065368056297302246e+00
4.598622024059295654e-01
1.237342059612274170e-01
8.749639987945556641e-01
3.638074100017547607e-01
-7.352637648582458496e-01
8.188206553459167480e-01
-3.696373999118804932e-01
-3.621695339679718018e-01
1.247267484664916992e+00
1.917586207389831543e+00
-1.296264976263046265e-01
1.429001808166503906e+00
-3.695602715015411377e-01
-1.124693632125854492e+00
9.432473182678222656e-01
1.509053707122802734e+00
1.882186293601989746e+00
6.334943771362304688e-01
7.778424024581909180e-01
3.733309805393218994e-01
-1.142627954483032227e+00
4.194375127553939819e-02
3.479713201522827148e-01
7.075279355049133301e-01
-7.708979398012161255e-02
-1.025318950414657593e-01
-7.837644964456558228e-02
1.845018565654754639e-01
1.132300972938537598e+00
9.242188930511474609e-02
-3.481487631797790527e-01
-7.896385192871093750e-01
-1.781403124332427979e-01
-1.563117861747741699e+00
-1.876666665077209473e+00
-1.172954320907592773e+00
8.414471149444580078e-01
4.567638039588928223e-03
7.371820807456970215e-01
8.520861268043518066e-01
-1.889760941267013550e-01
3.345896899700164795e-01
-5.290281176567077637e-01
8.640969395637512207e-01
-9.964161515235900879e-01
9.519179463386535645e-01
6.741552352905273438e-01
-2.493972331285476685e-01
7.394474744796752930e-01
-5.042404532432556152e-01
8.903447538614273071e-02
-1.679033160209655762e+00
-3.570565283298492432e-01
2.192593216896057129e-01
-1.028070375323295593e-01
-8.443543314933776855e-01
-9.613589644432067871e-01
-2.346950173377990723e-01
7.849902510643005371e-01
-1.977501511573791504e-01
3.104972839355468750e-01
6.114168167114257812e-01
-3.369209766387939453e-01
1.411644458770751953e+00
8.930441141128540039e-01
3.215597271919250488e-01
-1.666079282760620117e+00
2.159569501876831055e+00
-7.759602069854736328e-01
2.056354731321334839e-01
-1.049555987119674683e-01
-1.506243944168090820e+00
-9.994102120399475098e-01
1.166148304939270020e+00
-3.615251779556274414e-01
-3.502190709114074707e-01
-7.836897373199462891e-01
-8.329816460609436035e-01
-5.845378637313842773e-01
-1.560615450143814087e-01
-2.259911298751831055e-01
1.106488406658172607e-01
-9.644435644149780273e-01
-4.447221010923385620e-02
-4.003156721591949463e-01
4.344884753227233887e-01
3.254069387912750244e-01
9.292787313461303711e-01
-2.590479850769042969e-01
-7.316738963127136230e-01
1.405936121940612793e+00
2.117659747600555420e-01
-1.640202701091766357e-01
-1.308756589889526367e+00
-2.586096823215484619e-01
9.198728799819946289e-01
7.491396069526672363e-01
1.255706310272216797e+00
-4.142479002475738525e-01
-3.352522850036621094e-01
1.495723009109497070e+00
-1.205819845199584961e+00
1.150379031896591187e-01
-6.240573525428771973e-01
2.028777152299880981e-01
5.999631881713867188e-01
2.525284588336944580e-01
4.797429144382476807e-01
-4.430722892284393311e-01
1.262898206710815430e+00
2.874708473682403564e-01
-4.569615423679351807e-01
-3.941365480422973633e-01
-6.277806311845779419e-02
-8.128617703914642334e-02
1.318524837493896484e+00
2.740963101387023926e-01
1.868207901716232300e-01
5.181182026863098145e-01
-1.069421291351318359e+00
6.870729327201843262e-01
2.962491512298583984e-01
-3.014577627182006836e-01
7.262865304946899414e-01
-7.891543954610824585e-02
-4.207095205783843994e-01
1.118106171488761902e-01
-8.864103257656097412e-02
1.010089993476867676e+00
-4.252392053604125977e-01
-1.063227772712707520e+00
-5.545864701271057129e-01
-1.185549736022949219e+00
6.384273171424865723e-01
1.104050397872924805e+00
1.139432340860366821e-01
4.834917485713958740e-01
1.092191576957702637e+00
1.368458718061447144e-01
-8.958487510681152344e-01
1.358886957168579102e-01
-4.808580875396728516e-01
1.310868859291076660e+00
-8.195714950561523438e-01
-1.421691775321960449e+00
-1.129310429096221924e-01
2.923495769500732422e-01
1.810427606105804443e-01
-1.445270180702209473e+00
-3.947273492813110352e-01
3.262746334075927734e-01
1.861756592988967896e-01
1.166366785764694214e-01
-4.228520020842552185e-02
5.668774247169494629e-01
-3.115540146827697754e-01
-6.659318208694458008e-01
-8.597767949104309082e-01
-1.717970818281173706e-01
-7.021031975746154785e-01
-1.002793550491333008e+00
4.235632419586181641e-01
3.302568942308425903e-02
1.116836786270141602e+00
-8.022146821022033691e-01
-1.941531747579574585e-01
1.132019877433776855e+00
3.749288022518157959e-01
1.151493906974792480e+00
9.389990568161010742e-01
-1.123225688934326172e+00
7.227202653884887695e-01
9.675626158714294434e-01
-1.411548405885696411e-01
-4.405020475387573242e-01
-3.175856769084930420e-01
-9.970234334468841553e-02
-8.216853141784667969e-01
-9.661574363708496094e-01
6.157110631465911865e-02
2.946985363960266113e-01
8.640554547309875488e-02
-8.468884825706481934e-01
4.939844310283660889e-01
-3.441636860370635986e-01
-1.373361229896545410e+00
6.455986499786376953e-01
8.493431806564331055e-01
6.901329159736633301e-01
2.592322826385498047e-01
9.882444739341735840e-01
1.255863070487976074e+00
1.829889774322509766e+00
-1.895765811204910278e-01
3.142297863960266113e-01
-1.299917399883270264e-01
-1.761219352483749390e-01
8.834291696548461914e-01
1.768111884593963623e-01
-5.686841607093811035e-01
-4.678526520729064941e-02
1.145234610885381699e-02
7.000588178634643555e-01
-8.444826602935791016e-01
8.741469979286193848e-01
-1.192871451377868652e+00
9.833627343177795410e-01
2.259710878133773804e-01
1.131587266921997070e+00
-5.948525667190551758e-01
3.486260473728179932e-01
-3.332499861717224121e-01
-4.887905716896057129e-01
-1.970762759447097778e-01
2.812484800815582275e-01
-4.428656995296478271e-01
-2.592357695102691650e-01
-8.426103591918945312e-01
-1.200138568878173828e+00
-1.244383677840232849e-01
-1.556834429502487183e-01
2.692463397979736328e-01
-7.397037148475646973e-01
-4.038162827491760254e-01
-1.724179387092590332e+00
-6.541213989257812500e-01
6.857243925333023071e-02
3.235868513584136963e-01
-1.344927310943603516e+00
-8.344902992248535156e-01
1.037773728370666504e+00
9.452682733535766602e-01
1.392627000808715820e+00
6.128082275390625000e-01
3.172093629837036133e-01
9.543613195419311523e-01
3.003272414207458496e-01
8.207217454910278320e-01
1.723710745573043823e-01
9.792668372392654419e-02
-9.713962078094482422e-01
7.640702128410339355e-01
-8.415619134902954102e-01
-3.726620078086853027e-01
6.099230647087097168e-01
2.079263180494308472e-01
-4.357084333896636963e-01
-1.148240208625793457e+00
-3.039226531982421875e-01
1.613153368234634399e-01
-2.020302057266235352e+00
2.226616144180297852e-01
-3.647373318672180176e-01
5.549033880233764648e-01
-2.090736180543899536e-01
1.027099013328552246e+00
2.886985540390014648e+00
-3.258783603087067604e-03
9.476647973060607910e-01
1.074573874473571777e+00
5.603892803192138672e-01
-1.031986996531486511e-01
-1.267307043075561523e+00
-3.704791069030761719e-01
-5.554320216178894043e-01
7.282213568687438965e-01
-1.702063977718353271e-01
1.046286463737487793e+00
4.777278006076812744e-01
-1.237432003021240234e+00
-5.157582759857177734e-01
1.501033663749694824e+00
1.647686600685119629e+00
3.948454186320304871e-02
7.966184616088867188e-02
-2.330835461616516113e-01
1.273226857185363770e+00
-1.062488794326782227e+00
-5.880374908447265625e-01
-6.320943236351013184e-01
-2.373275995254516602e+00
-4.709883034229278564e-01
-8.339612185955047607e-02
-6.002504006028175354e-02
7.415944337844848633e-02
5.947746038436889648e-01
1.287339568138122559e+00
-5.808123946189880371e-01
-6.892933845520019531e-01
2.003919929265975952e-01
-1.235411167144775391e+00
1.966166853904724121e+00
3.046074211597442627e-01
-2.569553256034851074e-01
-3.224543631076812744e-01
-3.164659142494201660e-01
6.632528901100158691e-01
1.015709713101387024e-01
-7.949424535036087036e-02
-2.539142370223999023e-01
-7.456495165824890137e-01
9.746847748756408691e-01
3.490442335605621338e-01
1.785941421985626221e-01
3.148714601993560791e-01
7.682878375053405762e-01
8.719941973686218262e-01
1.073272302746772766e-01
-1.013742685317993164e-01
-9.910655617713928223e-01
-7.732563018798828125e-01
1.535391330718994141e+00
1.091657996177673340e+00
-1.210827350616455078e+00
2.794944047927856445e-01
-3.623778223991394043e-01
-1.015727996826171875e+00
2.173707634210586548e-01
3.472248613834381104e-01
3.611322045326232910e-01
5.685930848121643066e-01
-4.790199995040893555e-01
-7.151129841804504395e-02
-7.460985332727432251e-02
-1.110394522547721863e-01
-7.321406006813049316e-01
7.251174449920654297e-01
-3.700428307056427002e-01
8.952518105506896973e-01
7.077036499977111816e-01
1.068752527236938477e+00
-4.669645726680755615e-01
-1.060473993420600891e-01
-8.798919320106506348e-01
3.218393325805664062e-01
-7.165925204753875732e-02
-1.059913754463195801e+00
1.563303232192993164e+00
-9.157539159059524536e-02
-7.722119241952896118e-02
-2.825962007045745850e-01
6.278609633445739746e-01
-6.805736571550369263e-02
2.179669886827468872e-01
-1.783486157655715942e-01
4.694478213787078857e-01
-5.565256476402282715e-01
-4.694948494434356689e-01
-1.068266153335571289e+00
3.360789418220520020e-01
-9.333672523498535156e-01
-1.187946438789367676e+00
-5.515505075454711914e-01
1.042093157768249512e+00
1.987633347511291504e+00
-9.206365942955017090e-01
1.070430278778076172e+00
1.029357761144638062e-01
1.141197904944419861e-01
-2.287157773971557617e-01
-6.214495301246643066e-01
-2.020934075117111206e-01
-5.249328613281250000e-01
1.055196821689605713e-01
-1.383609414100646973e+00
-5.567290782928466797e-01
-1.506109833717346191e+00
1.500107795000076294e-01
4.272162020206451416e-01
-3.490522503852844238e-01
-1.544320583343505859e-01
-1.044287800788879395e+00
-1.487533569335937500e+00
3.849503993988037109e-01
-5.646951794624328613e-01
-1.285087019205093384e-01
7.150871157646179199e-01
1.314579725265502930e+00
1.585821986198425293e+00
-2.291476011276245117e+00
5.041207075119018555e-01
-2.376938611268997192e-01
-1.160923480987548828e+00
-2.794613122940063477e+00
7.483328580856323242e-01
6.912817358970642090e-01
9.973733540391549468e-05
-4.080751538276672363e-01
-7.707535028457641602e-01
-4.631558656692504883e-01
6.005213260650634766e-01
1.815985329449176788e-02
7.767035961151123047e-01
1.476998329162597656e+00
-2.029239833354949951e-01
-3.341428935527801514e-01
4.396514967083930969e-02
-1.020832419395446777e+00
-4.647215604782104492e-01
1.675037980079650879e+00
-2.279659509658813477e-01
1.133948922157287598e+00
1.412948668003082275e-01
4.815969988703727722e-02
-5.946204066276550293e-01
-2.666562497615814209e-01
-1.464736223220825195e+00
2.455939948558807373e-01
3.174614310264587402e-01
1.595096945762634277e+00
1.703952908515930176e+00
3.053912520408630371e-01
2.184236943721771240e-01
-7.266622185707092285e-01
-6.845198273658752441e-01
-9.582154750823974609e-01
-1.012117508798837662e-02
8.646928668022155762e-01
-1.974336802959442139e-01
2.399864047765731812e-01
-5.380811169743537903e-02
4.874594211578369141e-01
-2.146684005856513977e-02
1.047023162245750427e-01
5.212381482124328613e-01
6.131269931793212891e-01
1.577176570892333984e+00
-4.598998129367828369e-01
-9.569010138511657715e-02
-3.209887444972991943e-01
9.254428744316101074e-02
-6.025388240814208984e-01
-1.371130645275115967e-01
8.653273433446884155e-02
-1.856925964355468750e+00
-2.637616991996765137e-01
-1.790766954421997070e+00
-1.687313467264175415e-01
-2.009719610214233398e+00
1.277089357376098633e+00
-1.197643578052520752e-01
9.706593751907348633e-01
5.557916313409805298e-02
-6.807385683059692383e-01
1.789748370647430420e-01
-1.437684178352355957e+00
-1.194334030151367188e+00
2.010877132415771484e+00
-3.318303525447845459e-01
-1.586841940879821777e+00
2.106906026601791382e-01
-3.193393051624298096e-01
4.195923507213592529e-01
4.256194531917572021e-01
1.042205333709716797e+00
1.483133733272552490e-01
-7.607875764369964600e-02
-4.484605491161346436e-01
-9.990409016609191895e-01
8.879457712173461914e-01
-7.461110353469848633e-01
1.837793141603469849e-01
1.829968690872192383e-01
-6.628087162971496582e-01
-1.452953219413757324e-01
1.020354390144348145e+00
4.615045785903930664e-01
6.344398856163024902e-01
-6.951539777219295502e-03
-2.321459203958511353e-01
-2.558097243309020996e-01
-9.684024751186370850e-02
-6.608299016952514648e-01
-3.159429877996444702e-02
6.924780011177062988e-01
2.117352485656738281e-01
-3.581542968750000000e-01
-1.140305638313293457e+00
-1.046686768531799316e+00
-1.630851775407791138e-01
1.655287861824035645e+00
-3.250073492527008057e-01
-2.525709569454193115e-02
-3.370109498500823975e-01
5.454716682434082031e-01
1.029895171523094177e-01
2.433721125125885010e-01
1.628450632095336914e+00
7.203840017318725586e-01
5.332884192466735840e-01
1.074534177780151367e+00
-2.134807109832763672e-01
1.401877701282501221e-01
-1.399499416351318359e+00
-1.154509782791137695e+00
-1.846201181411743164e+00
9.476251006126403809e-01
-1.031536340713500977e+00
-7.610048055648803711e-01
-2.340327799320220947e-01
-1.083373904228210449e+00
1.093340039253234863e+00
-1.021497488021850586e+00
7.811350226402282715e-01
-3.555754125118255615e-01
9.462685137987136841e-02
6.966798901557922363e-01
3.940815925598144531e-01
1.138434648513793945e+00
4.483444988727569580e-01
7.468886375427246094e-01
-9.321025609970092773e-01
1.625347375869750977e+00
4.713020920753479004e-01
1.353442311286926270e+00
3.567147552967071533e-01
2.550981342792510986e-01
5.901810526847839355e-01
-1.546057343482971191e+00
1.469062685966491699e+00
-4.065760672092437744e-01
-3.655930161476135254e-01
2.113245278596878052e-01
-7.479845881462097168e-01
4.220545589923858643e-01
-4.263264834880828857e-01
-9.164422154426574707e-01
2.741447687149047852e-01
-5.919790863990783691e-01
-2.576295435428619385e-01
-3.878143727779388428e-01
-2.883560359477996826e-01
3.232430815696716309e-01
2.314048260450363159e-01
3.952159881591796875e-01
5.839255824685096741e-02
6.006405949592590332e-01
1.062045454978942871e+00
-1.111470386385917664e-01
-7.139549851417541504e-01
-8.551644682884216309e-01
1.069245815277099609e+00
-6.900300979614257812e-01
3.419823348522186279e-01
3.459596037864685059e-01
-5.010395050048828125e-01
2.460171580314636230e-01
-1.018254399299621582e+00
6.263833045959472656e-01
-8.836061954498291016e-01
2.880959212779998779e-01
3.133004903793334961e-01
-8.618696331977844238e-01
-1.409785747528076172e+00
-4.427174031734466553e-01
-1.934517383575439453e+00
4.478491246700286865e-01
7.857686877250671387e-01
-2.090712636709213257e-01
2.261347174644470215e-01
4.578455090522766113e-01
-6.107963323593139648e-01
-1.354146122932434082e+00
1.130867749452590942e-01
9.567045569419860840e-01
-1.122480034828186035e+00
1.242129683494567871e+00
-9.913637638092041016e-01
7.762150466442108154e-02
-1.002825617790222168e+00
1.821254849433898926e+00
2.091463208198547363e-01
-1.291231632232666016e+00
3.110696673393249512e-01
2.335076183080673218e-01
-1.683072805404663086e+00
4.296940565109252930e-01
7.111967802047729492e-01
4.285379946231842041e-01
3.708093985915184021e-02
2.820362746715545654e-01
-1.054998397827148438e+00
-5.273914933204650879e-01
1.196140766143798828e+00
-5.736224055290222168e-01
5.382758378982543945e-01
-1.476394772529602051e+00
-1.238067388534545898e+00
8.691568374633789062e-01
-3.230397701263427734e-01
4.618200659751892090e-01
-5.656714439392089844e-01
-1.026115655899047852e+00
9.309523105621337891e-01
-7.975195050239562988e-01
3.744741901755332947e-02
-5.402750372886657715e-01
-1.000603199005126953e+00
-2.215279579162597656e+00
3.940132558345794678e-01
-1.252269446849822998e-01
-9.403931498527526855e-01
-4.741675257682800293e-01
-5.402046442031860352e-01
-3.239991366863250732e-01
3.740118145942687988e-01
6.896679997444152832e-01
1.519715309143066406e+00
-1.348062038421630859e+00
-2.793486602604389191e-02
9.696868062019348145e-01
-1.468183696269989014e-01
-1.913061589002609253e-01
-1.521035134792327881e-01
-1.370723843574523926e-01
7.972365617752075195e-01
-3.455365300178527832e-01
9.017647504806518555e-01
-1.805426359176635742e+00
-9.278769493103027344e-01
-7.372605800628662109e-01
1.258275866508483887e+00
2.012140274047851562e+00
1.376738190650939941e+00
1.747203320264816284e-01
-6.985343992710113525e-02
-1.393355369567871094e+00
-5.332501977682113647e-02
9.833042025566101074e-01
3.675698637962341309e-01
5.345528721809387207e-01
2.958539500832557678e-02
-1.032906293869018555e+00
-1.850838422775268555e+00
1.374676704406738281e+00
-9.903610348701477051e-01
-1.670689284801483154e-01
-3.486257493495941162e-01
1.226012229919433594e+00
7.453553378582000732e-02
-4.441950917243957520e-01
-2.692638635635375977e-01
-5.979807972908020020e-01
3.325062394142150879e-01
5.094963908195495605e-01
8.979108929634094238e-01
6.192508935928344727e-01
3.753088787198066711e-02
-2.678247392177581787e-01
2.817622199654579163e-02
-2.568296194076538086e+00
1.303483605384826660e+00
-4.084668457508087158e-01
1.316770553588867188e+00
-4.030128419399261475e-01
-1.849897652864456177e-01
-6.886781454086303711e-01
-3.234638273715972900e-01
-1.216439902782440186e-01
-4.289777278900146484e-01
-1.439455449581146240e-01
6.855161190032958984e-01
-1.660287857055664062e+00
1.077897667884826660e+00
2.837503552436828613e-01
1.051823258399963379e+00
1.918459177017211914e+00
-1.795921474695205688e-01
-6.978057026863098145e-01
-6.771953701972961426e-01
-2.741849720478057861e-01
-1.038806214928627014e-01
7.800852656364440918e-01
-1.944640576839447021e-01
1.311985254287719727e+00
9.261898994445800781e-01
9.072812199592590332e-01
-4.278007149696350098e-02
-1.040576174855232239e-01
8.856300115585327148e-01
7.056328058242797852e-01
-8.759640455245971680e-01
-5.605357289314270020e-01
1.466850280761718750e+00
4.677582979202270508e-01
5.438354015350341797e-01
-2.792693078517913818e-01
1.615832895040512085e-01
-1.515700101852416992e+00
-1.755660772323608398e-02
-4.859126210212707520e-01
-1.647353172302246094e+00
2.626112848520278931e-02
4.263834953308105469e-01
-1.468609809875488281e+00
5.017974972724914551e-01
1.861231476068496704e-01
1.886020153760910034e-01
-6.314678192138671875e-01
1.009813696146011353e-02
4.291968643665313721e-01
-1.993895322084426880e-01
1.392448842525482178e-01
9.465849995613098145e-01
-6.122591495513916016e-01
1.338073372840881348e+00
-1.395955443382263184e+00
-4.330786168575286865e-01
9.053529500961303711e-01
-1.601313203573226929e-01
-1.133921861648559570e+00
-7.239837944507598877e-02
-9.659029841423034668e-01
-5.191557109355926514e-02
4.518150985240936279e-01
-8.333142995834350586e-01
2.534480988979339600e-01
1.455781817436218262e+00
6.249914765357971191e-01
-7.741817086935043335e-02
-1.402117490768432617e+00
-8.619271516799926758e-01
5.968504548072814941e-01
7.657210826873779297e-01
1.906001567840576172e+00
7.744426727294921875e-01
6.362488865852355957e-01
-9.720332026481628418e-01
1.404508471488952637e+00
3.992103040218353271e-01
1.487932562828063965e+00
3.606134057044982910e-01
-4.723680913448333740e-01
1.832586646080017090e+00
-1.137532219290733337e-01
-6.748677492141723633e-01
