8.444862365722656250e-01
1.399200558662414551e+00
-2.973146736621856689e-01
-2.891088128089904785e-01
-2.008215039968490601e-01
1.264933645725250244e-01
7.549080252647399902e-02
-1.370057821273803711e+00
2.010895498096942902e-02
9.864080697298049927e-02
1.036180183291435242e-01
9.381765723228454590e-01
-1.771468520164489746e+00
5.471914410591125488e-01
-1.663252115249633789e-01
3.833420276641845703e-01
1.414990186691284180e+00
-1.622063279151916504e+00
-1.019069403409957886e-01
1.937500946223735809e-02
-2.281624972820281982e-01
-9.920524954795837402e-01
3.943810462951660156e-01
-2.509702742099761963e-01
8.991522192955017090e-01
-7.595549821853637695e-01
-1.830232620239257812e+00
-6.022337079048156738e-02
6.643187999725341797e-01
2.153940439224243164e+00
-1.544839620590209961e+00
8.244305253028869629e-01
-2.403427213430404663e-01
-3.561559915542602539e-01
1.208512902259826660e+00
1.695801734924316406e+00
-1.171156644821166992e+00
-1.298783898353576660e+00
-3.749120533466339111e-01
-4.656467586755752563e-02
-1.905344009399414062e+00
-1.913783073425292969e+00
-2.413150548934936523e+00
1.149951338768005371e+00
3.389754295349121094e-01
-2.745229303836822510e-01
3.718574643135070801e-01
-1.420009016990661621e+00
6.931186467409133911e-02
6.272299289703369141e-01
1.365079998970031738e+00
-3.821119368076324463e-01
-4.548625946044921875e-01
-8.453099727630615234e-01
-4.912438392639160156e-01
2.510557174682617188e-01
4.089919626712799072e-01
-1.964324951171875000e+00
-6.574887633323669434e-01
7.220070362091064453e-01
1.595407575368881226e-01
1.277073383331298828e+00
4.048231840133666992e-01
-3.629087284207344055e-02
1.832786440849304199e+00
-3.092666268348693848e-01
7.187203168869018555e-01
1.288508325815200806e-01
-1.327499300241470337e-01
-8.401383161544799805e-01
1.249095559120178223e+00
1.763699650764465332e+00
-4.231530129909515381e-01
-1.181198000907897949e+00
8.782804012298583984e-01
5.257982388138771057e-02
-1.321513801813125610e-01
6.497139334678649902e-01
-1.429448723793029785e+00
-8.106635212898254395e-01
-1.236173033714294434e+00
5.890801548957824707e-01
-3.699418902397155762e-01
-2.568623125553131104e-01
1.849377512931823730e+00
7.790378928184509277e-01
-1.146208524703979492e+00
2.794940769672393799e-01
1.336045265197753906e+00
5.600664615631103516e-01
-1.073956489562988281e+00
-1.067562699317932129e+00
-4.118207395076751709e-01
1.744465708732604980e+00
-6.254372000694274902e-01
3.224708437919616699e-01
7.041984796524047852e-01
4.831924736499786377e-01
-4.815117120742797852e-01
1.270445883274078369e-01
5.387632846832275391e-01
4.313072562217712402e-01
8.849084377288818359e-02
1.905514448881149292e-01
-4.260322451591491699e-01
1.858230590820312500e+00
2.172301858663558960e-01
-6.756969690322875977e-01
8.072381019592285156e-01
4.405499696731567383e-01
2.868090391159057617e+00
8.226662874221801758e-01
1.110880613327026367e+00
1.126820564270019531e+00
1.455958127975463867e+00
-2.456953763961791992e+00
-5.659877061843872070e-01
-8.498295396566390991e-02
-8.250515162944793701e-02
-8.908440470695495605e-01
1.425884962081909180e+00
1.066818758845329285e-01
1.329783052206039429e-01
1.100764155387878418e+00
6.638973355293273926e-01
-1.282283425331115723e+00
5.764703154563903809e-01
-5.068280547857284546e-02
