1.211244761943817139e-01
1.083859205245971680e+00
2.021919339895248413e-01
-2.100274413824081421e-01
3.177526891231536865e-01
2.859832718968391418e-02
2.314700186252593994e-01
-1.512814402580261230e+00
-3.719684481620788574e-01
8.578386306762695312e-01
1.209799647331237793e+00
6.346445679664611816e-01
-3.085266351699829102e-01
-1.591949224472045898e+00
4.696690738201141357e-01
-2.278615385293960571e-01
-2.867794275283813477e+00
-2.319128751754760742e+00
-2.310512810945510864e-01
1.258086323738098145e+00
4.412271827459335327e-02
-1.649175167083740234e+00
6.774004101753234863e-01
3.923972547054290771e-01
-8.414723277091979980e-01
2.695239782333374023e-01
-3.748431503772735596e-01
-1.523232698440551758e+00
-3.756289929151535034e-02
-1.163788557052612305e+00
-6.184873580932617188e-01
-2.876185178756713867e-01
-9.012222886085510254e-01
-2.684240341186523438e-01
-1.217824935913085938e+00
9.178183972835540771e-02
4.761489033699035645e-01
3.289611041545867920e-01
8.575282059609889984e-03
8.785001635551452637e-01
1.801226288080215454e-01
6.584037542343139648e-01
-1.080957204103469849e-01
-1.554073691368103027e+00
9.848037958145141602e-01
-4.484893083572387695e-01
-2.410211801528930664e+00
1.472623825073242188e+00
-1.739672303199768066e+00
1.327012181282043457e+00
2.276397943496704102e-01
2.570533454418182373e-01
1.319694280624389648e+00
1.030155181884765625e+00
-4.040336981415748596e-02
-3.716341853141784668e-01
-8.384712040424346924e-03
1.302336901426315308e-01
7.830767035484313965e-01
1.939805626869201660e+00
-8.515636324882507324e-01
1.071304917335510254e+00
6.068109273910522461e-01
-1.475766301155090332e+00
3.084833025932312012e-01
5.082542896270751953e-01
2.551314115524291992e+00
-7.800865173339843750e-01
-7.541687488555908203e-01
-1.797049492597579956e-01
1.876947522163391113e+00
5.849937200546264648e-01
-4.517821967601776123e-01
-8.802821636199951172e-01
-1.343439102172851562e+00
-7.663786411285400391e-01
7.234166264533996582e-01
-8.276482224464416504e-01
-1.614308834075927734e+00
-8.115425705909729004e-01
-1.373019456863403320e+00
-1.731683969497680664e+00
6.210291758179664612e-02
2.481993436813354492e-01
5.729959011077880859e-01
1.761481761932373047e-01
6.435104012489318848e-01
7.977965474128723145e-01
-8.308725059032440186e-02
-7.964935898780822754e-01
1.950796246528625488e+00
-2.046358585357666016e-01
1.189378499984741211e+00
-1.352508425712585449e+00
1.440120816230773926e+00
-2.724065780639648438e-01
-4.325608611106872559e-01
-5.356540679931640625e-01
-1.589127480983734131e-01
7.633269429206848145e-01
-2.646667659282684326e-01
-1.121203973889350891e-01
1.048754334449768066e+00
-6.879650354385375977e-01
8.211583495140075684e-01
4.860067367553710938e-01
3.601667284965515137e-01
-5.267321690917015076e-02
8.450334668159484863e-01
-1.021733403205871582e+00
-5.547376275062561035e-01
-1.507024645805358887e+00
-2.345731481909751892e-02
-7.194317877292633057e-02
8.207941651344299316e-01
1.701093316078186035e-01
3.592591583728790283e-01
-1.747119873762130737e-01
1.788880079984664917e-01
1.180877327919006348e+00
8.531305789947509766e-01
-1.453208923339843750e+00
-5.239509344100952148e-01
-1.583005338907241821e-01
6.647041440010070801e-01
-6.091119050979614258e-01
5.383443236351013184e-01
-2.932406961917877197e-01
1.735009439289569855e-02
1.076065778732299805e+00
4.673455655574798584e-01
-8.013772219419479370e-02
3.173263669013977051e-01
-3.416444733738899231e-02
2.445990145206451416e-01
2.450638711452484131e-01
-8.243070840835571289e-01
-4.711810946464538574e-01
1.476732730865478516e+00
-2.279747575521469116e-01
-8.925139307975769043e-01
3.101148903369903564e-01
-7.487909793853759766e-01
7.932391762733459473e-02
1.576307713985443115e-01
-6.944653391838073730e-01
1.485680103302001953e+00
2.685503959655761719e-01
1.025294542312622070e+00
5.228443145751953125e-01
1.756039708852767944e-01
9.267207980155944824e-01
-1.263423115015029907e-01
5.662004351615905762e-01
-2.048203706741333008e+00
-2.061639875173568726e-01
6.548242568969726562e-01
7.699065804481506348e-01
-1.012861490249633789e+00
1.289789974689483643e-01
1.141633540391921997e-01
8.576105833053588867e-01
-1.129612088203430176e+00
-3.393253982067108154e-01
-8.609754443168640137e-01
-3.111615963280200958e-02
-7.363080382347106934e-01
-3.984131813049316406e-01
-1.516258716583251953e+00
-6.315124034881591797e-01
-2.510725855827331543e-01
-1.250368505716323853e-01
3.192591667175292969e-01
-2.650275528430938721e-01
-4.487410932779312134e-02
7.604552507400512695e-01
1.509047746658325195e-01
2.417978495359420776e-01
3.799320161342620850e-01
4.025422036647796631e-01
2.749029099941253662e-01
-1.514442265033721924e-01
1.563252061605453491e-01
3.896910548210144043e-01
1.257739186286926270e+00
1.753289818763732910e+00
-1.167212486267089844e+00
-1.685842871665954590e+00
2.328964471817016602e-01
1.339269638061523438e+00
-1.039294958114624023e+00
-4.518591761589050293e-01
-2.115408658981323242e+00
1.996821999549865723e+00
-7.587656974792480469e-01
1.210788488388061523e+00
-8.133121728897094727e-01
1.442500472068786621e+00
-9.045492410659790039e-01
-4.355120956897735596e-01
-2.898499965667724609e-01
-1.262051701545715332e+00
2.156278610229492188e+00
-8.921887874603271484e-01
4.649869501590728760e-01
-8.116294443607330322e-02
-6.627277135848999023e-01
3.816687464714050293e-01
1.104192376136779785e+00
-9.245598912239074707e-01
9.501029253005981445e-01
2.316692611202597618e-03
-6.128217577934265137e-01
-1.172697901725769043e+00
-1.343480944633483887e-01
1.016120791435241699e+00
8.625320792198181152e-01
2.259344905614852905e-01
1.359432339668273926e+00
1.544186115264892578e+00
5.085297226905822754e-01
6.484464406967163086e-01
-1.502506971359252930e+00
1.810022950172424316e+00
-4.963014274835586548e-03
5.394110679626464844e-01
-1.661833763122558594e+00
-1.176175236701965332e+00
-1.026612371206283569e-01
2.151587232947349548e-02
-1.297092080116271973e+00
-1.222862362861633301e+00
2.763917148113250732e-01
1.197047472000122070e+00
1.125447392463684082e+00
-2.945101261138916016e-01
-1.106052398681640625e+00
-1.146420478820800781e+00
-1.982642650604248047e+00
5.168147087097167969e-01
-5.694293975830078125e-01
9.116561412811279297e-01
-1.114623695611953735e-01
-6.624186411499977112e-03
-1.251265704631805420e-01
6.675595641136169434e-01
-5.586205124855041504e-01
-2.168323397636413574e-01
5.320545434951782227e-01
5.834134817123413086e-01
1.579816699028015137e+00
8.440998792648315430e-01
-5.505677461624145508e-01
1.579662799835205078e+00
-6.698543429374694824e-01
1.527675151824951172e+00
1.281661033630371094e+00
8.541289716958999634e-02
7.803056836128234863e-01
-3.321165442466735840e-01
-1.395489182323217392e-02
5.032975673675537109e-01
9.123524650931358337e-03
7.374324798583984375e-01
-6.441797018051147461e-01
4.374733269214630127e-01
-1.111122131347656250e+00
1.162186741828918457e+00
2.300796508789062500e-01
-6.236947774887084961e-01
-1.296686649322509766e+00
-7.848699092864990234e-01
6.882678270339965820e-01
1.069221794605255127e-01
1.130223155021667480e+00
1.297900676727294922e+00
2.689545452594757080e-01
-3.263936042785644531e-01
1.352178771048784256e-02
-1.836808323860168457e-01
1.948766112327575684e+00
6.542693376541137695e-01
1.103934738785028458e-02
-7.061697244644165039e-01
-1.485202789306640625e+00
-1.067254424095153809e+00
1.784486174583435059e-01
6.584834456443786621e-01
-9.046708941459655762e-01
-1.985920190811157227e+00
-1.653566397726535797e-02
-2.817303128540515900e-02
-4.616085886955261230e-01
-9.524505138397216797e-01
2.366978079080581665e-01
5.373483300209045410e-01
-6.688242554664611816e-01
-6.062926724553108215e-02
-4.817171096801757812e-01
6.853556036949157715e-01
-5.350692272186279297e-01
-1.064163446426391602e+00
5.179685354232788086e-01
1.525886952877044678e-01
5.263676643371582031e-01
1.947840690612792969e+00
-1.308453321456909180e+00
9.209070801734924316e-01
-5.154281258583068848e-01
1.958528459072113037e-01
-1.342516303062438965e+00
-1.875784158706665039e+00
-2.970478832721710205e-01
-8.373158425092697144e-02
-5.737620219588279724e-02
-1.372938513755798340e+00
8.963490724563598633e-01
4.957538545131683350e-01
1.488550901412963867e+00
2.417829483747482300e-01
3.775657713413238525e-01
4.172871708869934082e-01
9.935162067413330078e-01
6.490992307662963867e-01
-7.995162010192871094e-01
-9.409655928611755371e-01
4.684737026691436768e-01
1.138331532478332520e+00
-7.454749345779418945e-01
2.576716840267181396e-01
1.253273367881774902e+00
1.078080981969833374e-01
2.017351388931274414e+00
-7.585630416870117188e-01
-1.469557046890258789e+00
-2.188937515020370483e-01
-1.897037327289581299e-01
-1.553904563188552856e-01
4.829064309597015381e-01
2.676792442798614502e-01
-1.037354618310928345e-01
1.528845071792602539e+00
7.196186780929565430e-01
2.693746387958526611e-01
-1.000699043273925781e+00
1.732924222946166992e+00
4.565842077136039734e-02
6.655555367469787598e-01
-1.975260734558105469e+00
-3.097063004970550537e-01
-2.418169736862182617e+00
-7.333706617355346680e-01
8.341207504272460938e-01
9.687262177467346191e-01
2.531061172485351562e-01
9.070832133293151855e-01
-1.280330419540405273e-01
-2.423053085803985596e-01
-7.492511868476867676e-01
-1.726952314376831055e+00
-4.086579978466033936e-01
-8.638293743133544922e-01
1.031773090362548828e+00
3.921233415603637695e-01
-5.911341309547424316e-01
-2.645188271999359131e-01
-1.086954474449157715e+00
-2.741202116012573242e-01
-7.104218006134033203e-01
-2.780882120132446289e+00
-1.081670284271240234e+00
3.411372303962707520e-01
1.497569918632507324e+00
-7.974612712860107422e-01
-3.297643363475799561e-01
-9.631928801536560059e-01
-1.298921942710876465e+00
-3.504607081413269043e-01
-6.308029294013977051e-01
1.131145477294921875e+00
6.013717651367187500e-01
1.389042258262634277e+00
-1.552377581596374512e+00
3.427164554595947266e-01
1.093076705932617188e+00
-9.525032043457031250e-01
-9.260057210922241211e-01
-2.478483319282531738e-01
-1.610763072967529297e-01
-9.423116445541381836e-01
5.891736745834350586e-01
1.266328692436218262e+00
-1.144352793693542480e+00
-7.571585476398468018e-02
-5.733985900878906250e-01
1.016357779502868652e+00
-3.838080167770385742e-01
1.328445374965667725e-01
-7.849887013435363770e-01
-2.049066573381423950e-01
-8.335785865783691406e-01
2.296800166368484497e-01
-8.438246846199035645e-01
6.137260198593139648e-01
-6.450449824333190918e-01
1.184906005859375000e+00
7.919889688491821289e-02
8.371324539184570312e-01
-2.931433022022247314e-01
-4.747907519340515137e-01
1.437417626380920410e+00
1.303188800811767578e+00
-2.770097255706787109e+00
8.545195460319519043e-01
-8.006681799888610840e-01
-1.859254837036132812e-01
-1.697878837585449219e+00
-1.544508337974548340e+00
2.457813471555709839e-01
-6.088930368423461914e-01
-2.569223642349243164e-01
-6.578544974327087402e-01
-7.234243154525756836e-01
1.279996991157531738e+00
-4.410977363586425781e-01
1.367242813110351562e+00
1.913037538528442383e+00
-4.823661744594573975e-01
-4.132933914661407471e-01
-3.553842008113861084e-02
1.332443114370107651e-02
-2.040282636880874634e-01
3.349049016833305359e-02
1.294654160737991333e-01
-3.911242187023162842e-01
2.301313877105712891e-01
-3.183932006359100342e-01
1.899638175964355469e+00
-1.561806559562683105e+00
-1.136936426162719727e+00
3.125125169754028320e-01
-2.922897338867187500e-01
2.811136484146118164e+00
2.201083183288574219e+00
-1.376289725303649902e+00
-1.253821551799774170e-01
2.214130014181137085e-01
-8.489373922348022461e-01
-6.673036813735961914e-01
-1.396560072898864746e+00
-6.824827194213867188e-01
-1.415951132774353027e+00
-7.222903966903686523e-01
6.635820120573043823e-02
7.366942167282104492e-01
8.226915001869201660e-01
-6.244356036186218262e-01
-1.256547927856445312e+00
-2.567943334579467773e-01
6.543703675270080566e-01
1.611875891685485840e+00
2.185203790664672852e+00
-4.225978851318359375e-01
-1.258015632629394531e+00
-1.308383345603942871e+00
-8.123599886894226074e-01
-9.387454986572265625e-01
-6.162787675857543945e-01
5.481973886489868164e-01
4.913945496082305908e-01
-5.798168778419494629e-01
1.063370585441589355e+00
-1.702254079282283783e-02
7.931667566299438477e-01
1.473781615495681763e-01
-7.152544707059860229e-02
-3.136888742446899414e-01
1.678612947463989258e+00
2.065971493721008301e-01
-1.184253454208374023e+00
-2.972471415996551514e-01
-9.497509151697158813e-02
-2.879897952079772949e-01
1.474612116813659668e+00
6.523653864860534668e-01
5.120251774787902832e-01
2.299164980649948120e-01
1.313182353973388672e+00
-1.105690598487854004e+00
3.495881259441375732e-01
-6.716533303260803223e-01
1.699589490890502930e-01
-2.560194730758666992e-01
-2.943013608455657959e-01
-9.412252902984619141e-02
-7.936076819896697998e-02
6.938524842262268066e-01
2.464793473482131958e-01
7.108920216560363770e-01
4.523914158344268799e-01
-3.228335082530975342e-01
-5.248637795448303223e-01
8.634973168373107910e-01
1.437186479568481445e+00
-2.025909185409545898e+00
1.165297150611877441e+00
-5.351901054382324219e-01
-5.972417593002319336e-01
-3.777969181537628174e-01
-1.555769562721252441e+00
-9.817652702331542969e-01
-6.009151339530944824e-01
8.726753592491149902e-01
-7.968329638242721558e-02
1.218158006668090820e+00
9.348798394203186035e-01
1.228033155202865601e-01
-8.995032310485839844e-01
1.677732467651367188e-01
1.253187537193298340e+00
7.075326442718505859e-01
1.501295249909162521e-02
1.260010749101638794e-01
3.680921792984008789e-01
7.515435218811035156e-01
-3.484666347503662109e-01
-1.865494549274444580e-01
-6.752488017082214355e-02
-2.511388063430786133e-01
-1.534148216247558594e+00
3.751960694789886475e-01
-6.387544870376586914e-01
4.429986774921417236e-01
-2.418266236782073975e-01
2.025157690048217773e+00
1.895854622125625610e-01
-1.559912809170782566e-03
-4.373011887073516846e-01
-6.272932291030883789e-01
-1.015782713890075684e+00
6.549347043037414551e-01
-7.688900828361511230e-01
1.010926440358161926e-01
-4.979650080204010010e-01
2.421183735132217407e-01
-1.169672966003417969e+00
1.463339686393737793e+00
8.787665367126464844e-01
-4.660098254680633545e-01
-2.734147906303405762e-01
4.908396303653717041e-01
5.219100117683410645e-01
5.899630784988403320e-01
9.114446640014648438e-01
2.474676072597503662e-01
-2.016440153121948242e+00
5.627033114433288574e-01
-3.833370208740234375e-01
9.887699037790298462e-03
1.562508702278137207e+00
1.082581207156181335e-01
-1.416772454977035522e-01
1.221499443054199219e+00
-9.692181944847106934e-01
7.563020586967468262e-01
8.856130838394165039e-01
1.043400764465332031e+00
5.459917783737182617e-01
3.630453944206237793e-01
-2.848681993782520294e-02
5.855360627174377441e-01
1.110124349594116211e+00
2.794163525104522705e-01
-7.137415409088134766e-01
-4.265076518058776855e-01
5.056758522987365723e-01
-9.385213851928710938e-01
-2.774068713188171387e-01
-7.324605584144592285e-01
3.920912444591522217e-01
-3.822264075279235840e-01
-9.879773259162902832e-01
7.182649374008178711e-01
-9.097728729248046875e-01
7.101039886474609375e-01
2.591026723384857178e-01
7.418997287750244141e-01
-5.133464932441711426e-01
2.669721469283103943e-02
-5.434328317642211914e-01
5.204620957374572754e-01
-1.539345264434814453e+00
8.138890862464904785e-01
1.209971457719802856e-01
1.008007407188415527e+00
-3.944641947746276855e-01
-5.872015357017517090e-01
2.102520689368247986e-02
1.974444240331649780e-01
-9.022926092147827148e-01
1.047697544097900391e+00
-1.222228050231933594e+00
-2.095817774534225464e-01
-9.498108178377151489e-02
-7.731732726097106934e-01
-4.229310154914855957e-01
-8.116303682327270508e-01
2.158674001693725586e-01
1.255917191505432129e+00
6.090466380119323730e-01
6.446727514266967773e-01
1.141331315040588379e+00
-1.068571329116821289e+00
-2.194373756647109985e-01
-3.757450282573699951e-01
1.010666862130165100e-01
1.169792056083679199e+00
-1.281294465065002441e+00
-4.878790676593780518e-01
-9.908328652381896973e-01
-1.778709143400192261e-01
-1.644093394279479980e+00
3.906189501285552979e-01
-7.664732336997985840e-01
9.255740791559219360e-02
4.678891301155090332e-01
6.980948150157928467e-02
1.054711341857910156e+00
1.049996376037597656e+00
-1.096962392330169678e-01
-1.287938356399536133e-01
-1.814176440238952637e+00
5.158618688583374023e-01
-1.301886081695556641e+00
8.006093502044677734e-01
1.900694608688354492e+00
-7.668000459671020508e-01
-1.169159337878227234e-01
9.833835363388061523e-01
-1.370412409305572510e-01
4.769022762775421143e-01
-2.597640156745910645e-01
-2.656271696090698242e+00
-4.351564347743988037e-01
-6.759791970252990723e-01
6.691260337829589844e-01
1.917926073074340820e-01
-8.236629962921142578e-01
1.143817543983459473e+00
-8.377784490585327148e-02
-8.636836707592010498e-02
2.951893806457519531e-01
1.172839105129241943e-01
1.035267233848571777e+00
1.005256250500679016e-01
9.232280850410461426e-01
-8.585769534111022949e-01
7.928070425987243652e-01
-3.138966392725706100e-03
-1.007084846496582031e+00
-1.060434818267822266e+00
-7.887736558914184570e-01
-1.330657362937927246e+00
6.291100382804870605e-01
3.370070457458496094e-01
-6.956622600555419922e-01
-2.210611104965209961e+00
1.784148216247558594e-01
7.429217696189880371e-01
3.790207505226135254e-01
-1.459791898727416992e+00
-1.812741994857788086e+00
-1.087787300348281860e-01
-8.137942105531692505e-02
-8.551993370056152344e-01
-1.007843971252441406e+00
3.500339090824127197e-01
5.294970870018005371e-01
1.097463846206665039e+00
-1.122360587120056152e+00
-2.338028192520141602e+00
-3.027822494506835938e+00
1.565601825714111328e-01
-8.428199887275695801e-01
5.691701769828796387e-01
-9.296565651893615723e-01
5.541542768478393555e-01
1.604201555252075195e+00
-8.723931908607482910e-01
-4.992302954196929932e-01
6.230957433581352234e-02
-3.740254044532775879e-01
-2.963493466377258301e-01
-1.226334691047668457e+00
-5.845117568969726562e-01
-4.456308484077453613e-01
-6.892812848091125488e-01
-9.449351429939270020e-01
-1.053045511245727539e+00
1.168750762939453125e+00
5.654307007789611816e-01
-1.116945385932922363e+00
-2.533534467220306396e-01
1.073202371597290039e+00
-2.659194767475128174e-01
-7.423428893089294434e-01
-3.175949156284332275e-01
-5.546230673789978027e-01
8.724837899208068848e-01
4.923492372035980225e-01
-1.425310373306274414e+00
-2.134053856134414673e-01
9.228561520576477051e-01
4.937819391489028931e-02
9.048044085502624512e-01
6.105203032493591309e-01
5.556656122207641602e-01
-8.131916522979736328e-01
8.906424045562744141e-01
1.603653430938720703e+00
-1.443943619728088379e+00
7.847543358802795410e-01
8.851093649864196777e-01
3.146315813064575195e-01
-1.609084844589233398e+00
1.608380228281021118e-01
1.673304140567779541e-01
1.965655565261840820e+00
-1.476969480514526367e+00
-7.444937229156494141e-01
1.219830363988876343e-01
-1.220749542117118835e-01
9.445559382438659668e-01
-2.206267267465591431e-01
2.970686197280883789e+00
1.309804916381835938e+00
3.735942840576171875e-01
-4.285103976726531982e-01
5.466296672821044922e-01
4.976711571216583252e-01
9.127912521362304688e-01
-1.001893207430839539e-01
4.421307742595672607e-01
1.597704887390136719e+00
-7.542423605918884277e-01
3.553928136825561523e-01
1.165005564689636230e-01
-7.305184006690979004e-02
-2.469210326671600342e-01
5.976862907409667969e-01
2.125790119171142578e+00
-4.486147761344909668e-01
1.241134762763977051e+00
7.656352519989013672e-01
4.206528365612030029e-01
1.077151745557785034e-01
1.383401274681091309e+00
3.170231580734252930e-01
-1.468222141265869141e+00
-9.544759392738342285e-01
1.018748044967651367e+00
-2.395332604646682739e-02
-8.817359805107116699e-01
6.995105743408203125e-01
-1.570832848548889160e+00
-1.801163703203201294e-01
-1.356593966484069824e+00
8.442311882972717285e-01
2.126988172531127930e+00
1.240128636360168457e+00
2.164263725280761719e+00
3.041282892227172852e-01
2.836631424725055695e-02
9.694533944129943848e-01
7.203330844640731812e-02
1.644551455974578857e-01
-1.123395204544067383e+00
-7.464666366577148438e-01
2.135778665542602539e-01
-1.115769073367118835e-01
-3.577826917171478271e-01
3.206389956176280975e-03
-1.578254461288452148e+00
8.695071935653686523e-01
1.349808573722839355e+00
1.662805825471878052e-01
-3.166659474372863770e-01
-8.881660103797912598e-01
8.226675987243652344e-01
-5.789206624031066895e-01
-8.599004149436950684e-01
-1.856715679168701172e+00
4.042091965675354004e-02
-4.413290321826934814e-02
-3.307064771652221680e-01
-1.234169125556945801e+00
-3.155796527862548828e-01
-9.995067715644836426e-01
-6.907904148101806641e-02
2.570604346692562103e-02
7.773784995079040527e-01
5.106959939002990723e-01
1.564815282821655273e+00
-1.827673316001892090e-01
1.421589851379394531e-01
8.624432235956192017e-02
1.382497549057006836e-01
-2.113925069570541382e-01
1.761555790901184082e+00
9.998683929443359375e-01
1.920251965522766113e+00
-7.847426533699035645e-01
9.469639062881469727e-01
-1.507652759552001953e+00
-1.506171107292175293e+00
-2.231178432703018188e-02
-1.164721325039863586e-01
-1.064597725868225098e+00
-1.344809174537658691e+00
-1.873473286628723145e+00
-5.745708942413330078e-01
-2.072052806615829468e-01
-8.205342888832092285e-01
2.206239383667707443e-03
7.066262364387512207e-01
3.330500721931457520e-01
6.275618076324462891e-01
1.041036128997802734e+00
-6.254998445510864258e-01
4.490153789520263672e-01
1.349168062210083008e+00
-4.649466276168823242e-01
-5.280729532241821289e-01
-9.314465522766113281e-01
-2.143543213605880737e-01
-1.332511663436889648e+00
-5.780888199806213379e-01
8.040621876716613770e-01
5.009973645210266113e-01
-1.205091476440429688e+00
-1.059692874550819397e-01
-7.866604924201965332e-01
1.555628031492233276e-01
5.897621512413024902e-01
-4.815310537815093994e-01
-3.175314962863922119e-01
9.847480654716491699e-01
1.927006602287292480e+00
7.840864658355712891e-01
1.554601550102233887e+00
-1.022053956985473633e+00
6.446947455406188965e-01
2.430952042341232300e-01
3.226415440440177917e-02
6.921251416206359863e-01
-1.100159287452697754e+00
5.152923613786697388e-02
2.551329135894775391e-01
-1.177202105522155762e+00
-3.824395835399627686e-01
-2.866345271468162537e-02
1.537784695625305176e+00
-1.564284682273864746e+00
3.182196617126464844e-01
7.040212154388427734e-01
-8.890369534492492676e-01
-3.633510172367095947e-01
-5.893121957778930664e-01
3.860366046428680420e-01
-1.720096707344055176e+00
-1.906672120094299316e-02
8.138300850987434387e-03
-1.264397978782653809e+00
3.778213262557983398e-01
1.114452838897705078e+00
-2.469304054975509644e-01
-1.901234507560729980e+00
-4.016132354736328125e-01
-1.809462308883666992e-01
5.723779276013374329e-02
-3.537464886903762817e-02
1.504710167646408081e-01
9.113934636116027832e-02
2.760974466800689697e-01
1.000121116638183594e+00
-8.927768468856811523e-01
4.701212644577026367e-01
-5.274816974997520447e-02
4.316026568412780762e-01
-6.336039900779724121e-01
-5.060444474220275879e-01
-2.181011915206909180e+00
-2.084010690450668335e-01
1.704633831977844238e+00
-4.909057542681694031e-02
-7.720099687576293945e-01
-6.529995203018188477e-01
-1.383399009704589844e+00
2.488821595907211304e-01
-1.040735840797424316e+00
-1.445969641208648682e-01
4.896477758884429932e-01
1.870349287986755371e+00
1.808942668139934540e-02
7.454674839973449707e-01
-5.967731475830078125e-01
-6.406151056289672852e-01
1.615346312522888184e+00
-1.882501095533370972e-01
-1.966406255960464478e-01
-4.544896185398101807e-01
6.701336503028869629e-01
-5.041233301162719727e-01
3.634805679321289062e-01
-1.661443263292312622e-01
6.482689380645751953e-01
3.712646961212158203e-01
-2.942272722721099854e-01
3.055515885353088379e-01
6.080707907676696777e-01
1.726448088884353638e-01
9.754110127687454224e-02
-3.298038244247436523e-01
-1.659909129142761230e+00
-6.635773181915283203e-01
-1.345846891403198242e+00
-9.289429187774658203e-01
9.153085350990295410e-01
6.373877525329589844e-01
1.980441994965076447e-02
1.546250462532043457e+00
-1.087330579757690430e+00
-4.435541331768035889e-01
1.127203464508056641e+00
4.807829260826110840e-01
1.762937784194946289e+00
3.311974704265594482e-01
1.342924714088439941e+00
6.993495821952819824e-01
3.092134185135364532e-02
1.007494807243347168e+00
-1.772989034652709961e-01
2.478580772876739502e-01
-1.832689762115478516e+00
-1.324005603790283203e+00
-5.853359699249267578e-01
1.011118814349174500e-01
1.918601155281066895e+00
-1.272165179252624512e+00
-4.390622377395629883e-01
7.704445719718933105e-01
-3.629197180271148682e-01
1.229341268539428711e+00
5.097966790199279785e-01
-2.273081690073013306e-01
-5.326806306838989258e-01
2.003744244575500488e-02
7.070809006690979004e-01
1.119884923100471497e-01
-3.373147547245025635e-01
-9.147930145263671875e-01
2.683988332748413086e+00
2.646089717745780945e-02
-1.689580440521240234e+00
1.385486841201782227e+00
-3.353147745132446289e+00
-1.786229252815246582e+00
-1.053117990493774414e+00
-3.877580761909484863e-01
-7.462195754051208496e-01
-1.169652104377746582e+00
1.232810854911804199e+00
1.944597661495208740e-01
-2.776835918426513672e+00
-2.429565936326980591e-01
5.986009240150451660e-01
3.316686153411865234e-01
2.540346980094909668e-01
-7.263252139091491699e-01
3.814558312296867371e-02
1.801403284072875977e+00
-5.078113079071044922e-01
1.000395655632019043e+00
2.038362920284271240e-01
6.252233386039733887e-01
2.776376605033874512e-01
-9.869483858346939087e-02
1.917547136545181274e-01
1.937127262353897095e-01
6.240166425704956055e-01
-1.203381419181823730e+00
-1.596627593040466309e+00
-2.797153890132904053e-01
-9.275369644165039062e-01
4.847293496131896973e-01
1.195321083068847656e+00
9.229063242673873901e-02
6.979389190673828125e-01
7.390850782394409180e-01
9.293249845504760742e-01
