-6.270417571067810059e-01
-8.709387779235839844e-01
-1.059522390365600586e+00
1.468262314796447754e+00
4.354610145092010498e-01
6.351103782653808594e-01
8.856722712516784668e-01
-3.120945207774639130e-02
-1.023888111114501953e+00
2.791384160518646240e-01
-9.618664383888244629e-01
-5.144169926643371582e-01
7.177322506904602051e-01
-6.347015500068664551e-01
7.471398711204528809e-01
-2.390444040298461914e+00
4.001803100109100342e-01
-1.337998509407043457e+00
-1.096378803253173828e+00
-7.816849350929260254e-01
2.010933309793472290e-01
4.159675538539886475e-01
4.060834646224975586e-01
-4.463930726051330566e-01
2.597665786743164062e-01
1.263682842254638672e+00
-5.538921952247619629e-01
-3.429001867771148682e-01
-4.065056145191192627e-01
-7.307299375534057617e-01
7.748590707778930664e-01
-1.371807575225830078e+00
1.384219646453857422e+00
-1.597207903861999512e+00
1.237977385520935059e+00
-1.042033553123474121e+00
5.833249092102050781e-01
7.520232200622558594e-01
-1.012173533439636230e+00
6.886721849441528320e-01
-9.221234321594238281e-01
3.628500699996948242e-01
-7.555150389671325684e-01
1.169006586074829102e+00
1.813318610191345215e+00
-1.560455083847045898e+00
-9.016309678554534912e-02
2.315597534179687500e-01
-7.745678424835205078e-01
4.557298719882965088e-01
-4.075100123882293701e-01
1.962049245834350586e+00
2.934402823448181152e-01
2.729401290416717529e-01
-9.508445858955383301e-01
3.835923075675964355e-01
7.279138565063476562e-01
2.124918937683105469e+00
-4.062324762344360352e-01
3.581967055797576904e-01
-4.703486561775207520e-01
2.327643632888793945e+00
-2.880279123783111572e-01
5.841199755668640137e-01
1.097215056419372559e+00
-2.541736364364624023e-01
2.386571884155273438e+00
1.431572914123535156e+00
-1.344633936882019043e+00
-4.754462242126464844e-01
-6.037644147872924805e-01
-1.927519738674163818e-01
-1.249045848846435547e+00
2.311312779784202576e-02
-2.374766469001770020e-01
-1.305537074804306030e-01
1.930483430624008179e-02
3.246386349201202393e-01
-2.398270927369594574e-02
-5.169097185134887695e-01
-2.099362373352050781e+00
-4.879391752183437347e-03
3.220071792602539062e-01
1.240398526191711426e+00
-3.921435475349426270e-01
3.454156816005706787e-01
1.327127814292907715e+00
1.217754840850830078e+00
-6.867164373397827148e-02
2.057245075702667236e-01
-3.935116529464721680e-01
-1.112138032913208008e+00
-1.617935419082641602e+00
1.060814857482910156e+00
5.852610468864440918e-01
-1.059038415551185608e-01
1.537461519241333008e+00
-2.035667300224304199e-01
-1.481896162033081055e+00
5.539421737194061279e-02
1.778199225664138794e-01
-1.656837105751037598e+00
3.746262192726135254e-01
-1.449625849723815918e+00
-4.548611938953399658e-01
7.744347453117370605e-01
1.609080076217651367e+00
-1.056943178176879883e+00
4.429051280021667480e-01
1.415354728698730469e+00
-2.376147359609603882e-01
-2.592152059078216553e-01
-1.289917230606079102e-01
5.890805125236511230e-01
-2.451007127761840820e+00
1.299585700035095215e-01
4.653503894805908203e-01
1.097765326499938965e+00
5.323818922042846680e-01
1.531527519226074219e+00
9.182534813880920410e-01
2.526798546314239502e-01
3.871070742607116699e-01
7.535932660102844238e-01
5.683723688125610352e-01
4.142911359667778015e-02
-1.610774546861648560e-02
-1.234700083732604980e+00
