3.160659670829772949e-01
1.485547572374343872e-01
-8.577852845191955566e-01
2.161985635757446289e+00
3.791321218013763428e-01
-9.915927797555923462e-02
1.297452114522457123e-02
1.333075523376464844e+00
-6.608240604400634766e-01
2.640007495880126953e+00
3.179579377174377441e-01
-8.221520185470581055e-01
3.802393674850463867e-01
-5.947449207305908203e-01
-3.114859163761138916e-01
-9.240825772285461426e-01
1.785011887550354004e+00
4.305390715599060059e-01
-1.101246595382690430e+00
3.720542043447494507e-02
2.529242336750030518e-01
-1.080389738082885742e+00
-6.491665244102478027e-01
5.610621571540832520e-01
2.636046111583709717e-01
-6.685062646865844727e-01
2.828062772750854492e-01
6.950058937072753906e-01
-1.242749810218811035e+00
2.779876999557018280e-02
-6.511840224266052246e-01
1.282996654510498047e+00
-6.393513083457946777e-01
4.820325672626495361e-01
-1.376954674720764160e+00
3.892853856086730957e-01
-1.636280655860900879e+00
-6.614663004875183105e-01
-1.491966485977172852e+00
6.433612704277038574e-01
-1.273738384246826172e+00
6.537190079689025879e-01
5.553404688835144043e-01
1.464561969041824341e-01
-4.024138152599334717e-01
-1.235293626785278320e+00
5.546739697456359863e-01
3.665090501308441162e-01
-3.052727282047271729e-01
-4.809651970863342285e-01
-7.090079188346862793e-01
1.258310437202453613e+00
2.967074215412139893e-01
-6.446425914764404297e-01
-5.043682456016540527e-01
-2.883576601743698120e-02
-1.118860542774200439e-01
1.234859704971313477e+00
6.763664633035659790e-02
5.203813314437866211e-01
-9.397572278976440430e-01
-4.031998664140701294e-02
6.332460641860961914e-01
-7.059394121170043945e-01
1.129063963890075684e+00
-4.232579171657562256e-01
-6.070401147007942200e-02
6.121504902839660645e-01
7.060294747352600098e-01
-9.220553636550903320e-01
-1.108350276947021484e+00
3.208734393119812012e-01
-3.972712159156799316e-01
-8.505559563636779785e-01
-5.668949484825134277e-01
-1.180885791778564453e+00
-3.446114659309387207e-01
1.682083681225776672e-02
1.882656216621398926e+00
-2.401303648948669434e-01
1.631970882415771484e+00
3.610520958900451660e-01
-4.529939591884613037e-01
1.442021489143371582e+00
9.731005430221557617e-01
1.386244058609008789e+00
6.554014682769775391e-01
-7.057138681411743164e-01
1.721897482872009277e+00
-2.629568576812744141e-01
1.491437673568725586e+00
-2.683109641075134277e-01
1.104352593421936035e+00
-2.309709787368774414e-01
1.737282127141952515e-01
3.081568181514739990e-01
-1.947149634361267090e+00
1.718161106109619141e+00
1.232964396476745605e+00
-1.200284957885742188e+00
-2.474786788225173950e-01
9.806507229804992676e-01
4.989500343799591064e-01
-2.047297358512878418e-02
2.464940547943115234e-01
4.641527235507965088e-01
5.543651580810546875e-01
-9.335522651672363281e-01
7.235411405563354492e-01
6.721403598785400391e-01
-1.042606592178344727e+00
8.061854839324951172e-01
-3.207373619079589844e-01
9.435157775878906250e-01
1.170403599739074707e+00
6.999543309211730957e-01
1.103823781013488770e+00
-2.287596166133880615e-01
-2.378571480512619019e-01
1.496761322021484375e+00
3.695925772190093994e-01
2.227582037448883057e-01
5.520116686820983887e-01
-2.377042025327682495e-01
-1.011013984680175781e+00
2.558173894882202148e+00
-1.368734121322631836e+00
-1.518383622169494629e+00
5.966404676437377930e-01
-8.002181053161621094e-01
-8.809828162193298340e-01
1.963635563850402832e+00
-7.123767733573913574e-01
-6.724275946617126465e-01
5.393531918525695801e-01
-1.141602635383605957e+00
5.506913065910339355e-01
7.535803914070129395e-01
7.923768162727355957e-01
-1.409071981906890869e-01
-1.174221754074096680e+00
-5.794897079467773438e-01
-1.032691359519958496e+00
6.488068103790283203e-01
-2.605817019939422607e-01
-5.581824779510498047e-01
-4.197452962398529053e-02
8.596752285957336426e-01
-8.133804202079772949e-01
1.043681859970092773e+00
6.525545716285705566e-01
-5.131473541259765625e-01
-1.372631341218948364e-01
3.382311016321182251e-02
-8.808286190032958984e-01
4.785283803939819336e-01
-9.541475772857666016e-02
-1.637869715690612793e+00
-5.144810080528259277e-01
-6.888582110404968262e-01
-6.308018565177917480e-01
5.967894792556762695e-01
7.815221697092056274e-02
1.441097021102905273e+00
-2.820987462997436523e+00
1.770305782556533813e-01
-3.319540321826934814e-01
1.458893537521362305e+00
1.257779717445373535e+00
-9.589797258377075195e-01
5.834407210350036621e-01
2.895364463329315186e-01
5.059955716133117676e-01
-3.839327335357666016e+00
-4.050681740045547485e-02
7.664365768432617188e-01
-1.503346115350723267e-01
-3.320415318012237549e-01
-8.850553035736083984e-01
6.388412714004516602e-01
-1.859183162450790405e-01
-4.505335390567779541e-01
4.968405235558748245e-03
-6.243281364440917969e-01
2.034509479999542236e-01
-2.054731994867324829e-01
1.726654767990112305e-01
4.167160689830780029e-01
-2.670027017593383789e+00
1.099340915679931641e+00
1.798667162656784058e-01
-2.512224018573760986e-01
1.039600968360900879e+00
1.031335592269897461e+00
4.854434728622436523e-02
3.343464732170104980e-01
1.219768166542053223e+00
-7.719672918319702148e-01
-6.529954671859741211e-01
4.826695919036865234e-01
1.016735658049583435e-01
3.913840055465698242e-01
1.101494312286376953e+00
-2.079636752605438232e-01
1.979854144155979156e-02
-1.015300989151000977e+00
-2.386485692113637924e-03
-1.099724769592285156e+00
-9.634653329849243164e-01
4.734238982200622559e-01
1.932256668806076050e-01
-4.026253521442413330e-01
-7.682078480720520020e-01
-7.937152981758117676e-01
6.150179505348205566e-01
-3.842986822128295898e-01
-5.988198518753051758e-01
3.644323647022247314e-01
3.621298670768737793e-01
-1.054662764072418213e-01
4.950621724128723145e-01
-7.432985119521617889e-03
1.226756334304809570e+00
-8.406141996383666992e-01
-1.733265817165374756e-01
1.607098430395126343e-01
6.289177536964416504e-01
-7.744197845458984375e-01
4.904097318649291992e-01
-5.789722204208374023e-01
-1.348186749964952469e-02
-4.901446104049682617e-01
2.659339010715484619e-01
1.113640308380126953e+00
-1.169983148574829102e+00
-2.045172005891799927e-01
6.055876612663269043e-01
-3.868952989578247070e-01
-1.469800949096679688e+00
7.276293635368347168e-01
7.518608570098876953e-01
-3.510542809963226318e-01
1.115176916122436523e+00
-4.864966273307800293e-01
-6.988415718078613281e-01
-7.510196566581726074e-01
6.905030608177185059e-01
-1.918540298938751221e-01
-7.906246185302734375e-02
9.761494398117065430e-01
-8.957072496414184570e-01
1.103382468223571777e+00
-7.197400331497192383e-01
-2.260012030601501465e-01
-2.342659085988998413e-01
5.759317278861999512e-01
-4.994466900825500488e-01
-5.570439696311950684e-01
-7.083916664123535156e-01
-1.028452739119529724e-01
1.428029835224151611e-01
-4.054386317729949951e-01
2.244451195001602173e-01
-1.346372246742248535e+00
-6.764974594116210938e-01
3.766768872737884521e-01
-1.690235614776611328e+00
-1.295001152902841568e-02
4.597175121307373047e-01
-9.138540029525756836e-01
3.650155663490295410e-01
-1.365554690361022949e+00
3.634566962718963623e-01
-1.201738938689231873e-01
2.232453413307666779e-02
-1.690580137073993683e-02
-1.628460526466369629e+00
-4.129326343536376953e-01
-5.706248283386230469e-01
4.270671308040618896e-02
2.634196281433105469e-01
-5.529924854636192322e-02
1.579097844660282135e-02
1.177678585052490234e+00
7.647985219955444336e-01
-3.790988624095916748e-01
1.558618068695068359e+00
6.889176368713378906e-01
1.819740176200866699e+00
6.081846356391906738e-01
6.209152936935424805e-01
-2.544437050819396973e-01
-2.807462811470031738e-01
-2.786362171173095703e-01
2.542679309844970703e-01
1.840010136365890503e-01
8.702832460403442383e-01
-8.428126573562622070e-01
7.217828035354614258e-01
3.411846160888671875e-01
1.153061389923095703e+00
-5.900918245315551758e-01
-1.068644285202026367e+00
-2.074978202581405640e-01
-2.581827342510223389e-01
-4.509806931018829346e-01
9.359627366065979004e-01
-7.921609282493591309e-01
2.000336199998855591e-01
9.158424735069274902e-01
-7.213928103446960449e-01
1.017914414405822754e+00
-1.056864976882934570e+00
3.325603008270263672e-01
-1.467497110366821289e+00
-3.194656670093536377e-01
9.143860936164855957e-01
2.099122762680053711e+00
8.123649954795837402e-01
7.376000285148620605e-01
9.193100929260253906e-01
4.039456248283386230e-01
-4.385772645473480225e-01
2.618664503097534180e-01
-4.854937493801116943e-01
-1.479057908058166504e+00
8.875110149383544922e-01
4.492075741291046143e-01
-9.757398962974548340e-01
9.979089349508285522e-02
4.233512580394744873e-01
-1.585472345352172852e+00
4.184171184897422791e-02
1.226762533187866211e-01
-8.857837319374084473e-01
-9.312101006507873535e-01
2.175664663314819336e+00
-1.431993842124938965e-01
1.380311101675033569e-01
-2.849593758583068848e-01
-2.290275543928146362e-01
1.911832094192504883e-01
-1.990824043750762939e-01
9.570268392562866211e-01
-5.739741921424865723e-01
-8.375779390335083008e-01
4.359286278486251831e-02
8.848568201065063477e-01
-5.741935372352600098e-01
7.467247843742370605e-01
-1.281771421432495117e+00
5.862532258033752441e-01
2.183495759963989258e+00
-3.731590807437896729e-01
-1.685569763183593750e+00
-8.939278125762939453e-01
-5.808597207069396973e-01
8.835693597793579102e-01
2.108695507049560547e+00
-8.910661339759826660e-01
-9.900281429290771484e-01
-2.085785120725631714e-01
9.439702630043029785e-01
1.016037464141845703e+00
-4.455291032791137695e-01
-1.679197698831558228e-02
-9.871905446052551270e-01
-8.575664162635803223e-01
-5.603837966918945312e-01
1.554087847471237183e-01
1.312301874160766602e+00
9.049936532974243164e-01
1.679019629955291748e-01
-1.306730061769485474e-01
3.987481892108917236e-01
-1.029331445693969727e+00
5.520945787429809570e-01
-1.171565175056457520e+00
4.867476820945739746e-01
-1.680340528488159180e+00
-1.162891983985900879e+00
5.770099759101867676e-01
-7.618523836135864258e-01
3.329438865184783936e-01
-2.468650192022323608e-01
2.473375201225280762e-01
-3.947544693946838379e-01
1.358373999595642090e+00
2.419164478778839111e-01
1.713508605957031250e+00
7.873141765594482422e-01
-8.932234644889831543e-01
1.612076640129089355e+00
-6.170839071273803711e-01
-8.419653773307800293e-01
-2.261502593755722046e-01
-7.541379928588867188e-01
-4.374538362026214600e-01
-5.889571830630302429e-02
-3.445091247558593750e-01
1.934261202812194824e+00
3.947392702102661133e-01
4.442097246646881104e-02
-7.704005837440490723e-01
1.445002555847167969e-01
1.657819747924804688e-01
-3.038132004439830780e-02
-3.097052872180938721e-01
-1.568612158298492432e-01
3.569383546710014343e-02
7.062760591506958008e-01
-3.040280193090438843e-02
-1.179811358451843262e+00
4.072109162807464600e-01
1.360271692276000977e+00
8.521197438240051270e-01
-7.752786278724670410e-01
1.439350992441177368e-01
7.772784829139709473e-01
-8.565194904804229736e-03
6.834717988967895508e-01
-5.024240016937255859e-01
1.122656464576721191e+00
-3.484501838684082031e-01
-5.840821936726570129e-02
1.035605072975158691e-01
1.871114015579223633e+00
9.278264641761779785e-01
-7.656120657920837402e-01
1.335039496421813965e+00
2.025649510324001312e-02
-1.737358421087265015e-02
2.518315613269805908e-01
9.872882068157196045e-02
1.793551921844482422e+00
-1.507212042808532715e+00
-4.487522244453430176e-01
-5.728460382670164108e-03
8.722729682922363281e-01
-1.012264251708984375e+00
7.300984263420104980e-01
7.579241394996643066e-01
-1.392604261636734009e-01
1.328257560729980469e+00
8.702104091644287109e-01
-8.390776515007019043e-01
-2.846676111221313477e-01
4.655137956142425537e-01
-7.036346197128295898e-02
-2.312491387128829956e-01
2.665770053863525391e-01
-5.056446790695190430e-01
-5.226323846727609634e-03
3.340684175491333008e-01
8.104102313518524170e-02
-2.150456607341766357e-01
1.643657684326171875e+00
9.732901453971862793e-01
-1.332164287567138672e+00
9.482802152633666992e-01
-2.459002882242202759e-01
1.394024789333343506e-01
2.845334410667419434e-01
-9.893799424171447754e-01
-7.760902643203735352e-01
8.870279788970947266e-01
1.830085992813110352e+00
-3.411712348461151123e-01
1.285051852464675903e-01
1.451016515493392944e-01
8.549811840057373047e-01
7.741916179656982422e-02
-7.672243714332580566e-01
-2.019205391407012939e-01
1.575030922889709473e+00
-1.404658794403076172e+00
-2.165369987487792969e-01
-8.566758781671524048e-02
1.729740500450134277e-01
-8.668753504753112793e-01
1.996247917413711548e-01
4.234524667263031006e-01
-4.567489326000213623e-01
5.111178755760192871e-01
-2.330371588468551636e-01
9.233400225639343262e-01
-6.030231714248657227e-01
-1.357880949974060059e+00
-1.007267236709594727e+00
-1.233592778444290161e-01
-1.358671069145202637e+00
7.724256068468093872e-02
-2.219554424285888672e+00
-2.080806344747543335e-01
1.946216523647308350e-01
3.463166356086730957e-01
9.354774951934814453e-01
1.195306777954101562e-01
-3.702247738838195801e-01
-3.471607565879821777e-01
-1.230754926800727844e-01
-4.143283665180206299e-01
-3.508221805095672607e-01
1.932077288627624512e+00
-2.744734883308410645e-01
9.118695259094238281e-01
2.637569308280944824e-01
-9.650489687919616699e-01
-1.240870714187622070e+00
7.068735361099243164e-01
1.305187463760375977e+00
-5.536123514175415039e-01
1.594058990478515625e+00
1.699096441268920898e+00
-1.103024601936340332e+00
-7.888376116752624512e-01
-1.401017308235168457e+00
-1.158957123756408691e+00
-1.012291669845581055e+00
9.145008325576782227e-01
-1.148227214813232422e+00
8.588484525680541992e-01
-2.917539514601230621e-02
-1.605187952518463135e-01
-3.919403553009033203e-01
-5.340362787246704102e-01
3.037020564079284668e-01
4.210022091865539551e-01
-5.048311352729797363e-01
-1.452380895614624023e+00
-6.125710606575012207e-01
1.197144150733947754e+00
1.501921296119689941e+00
-4.225490689277648926e-01
-3.513433933258056641e-01
5.749783515930175781e-01
6.710098385810852051e-01
5.681489408016204834e-02
-5.242025852203369141e-01
3.555561304092407227e-01
-2.583829499781131744e-02
-3.178138732910156250e-01
-1.560834646224975586e-01
-1.126686811447143555e+00
-2.183005958795547485e-01
-1.173523068428039551e+00
4.897740483283996582e-01
-1.244166016578674316e+00
1.486276388168334961e+00
3.130684792995452881e-01
-8.023480772972106934e-01
-6.007039546966552734e-01
2.198039591312408447e-01
-9.566887617111206055e-01
1.300000958144664764e-02
-4.808336198329925537e-01
7.752504944801330566e-01
1.030865833163261414e-01
1.227366447448730469e+00
-1.464775562286376953e+00
3.972642719745635986e-01
-8.744894862174987793e-01
8.150634169578552246e-01
3.317471146583557129e-01
1.137745082378387451e-01
2.322848737239837646e-01
1.046184062957763672e+00
8.776665925979614258e-01
1.089322924613952637e+00
-1.353391051292419434e+00
-8.357315659523010254e-01
-1.037943243980407715e+00
3.796810507774353027e-01
-3.592889606952667236e-01
-5.558289289474487305e-01
-1.443265199661254883e+00
-9.656633138656616211e-01
-3.846288323402404785e-01
-6.982547044754028320e-01
-5.188583731651306152e-01
-1.189698725938796997e-01
-7.732667326927185059e-01
1.590769767761230469e+00
1.286519408226013184e+00
5.675825476646423340e-01
1.951469033956527710e-01
-7.344329953193664551e-01
-2.340980529785156250e+00
-1.039924383163452148e+00
1.071002364158630371e+00
6.673768162727355957e-01
-4.828588068485260010e-01
-4.034487903118133545e-01
1.118546843528747559e+00
8.751005530357360840e-01
-1.255722165107727051e+00
-7.558374404907226562e-01
-7.251201570034027100e-02
2.983532547950744629e-01
1.383403688669204712e-01
-1.314532995223999023e+00
-6.447310447692871094e-01
3.348671793937683105e-01
-3.309063911437988281e-01
8.662443757057189941e-01
1.287020295858383179e-01
3.596799671649932861e-01
7.948600053787231445e-01
1.088761329650878906e+00
1.462168991565704346e-01
4.970781207084655762e-01
-8.344042897224426270e-01
-1.535053104162216187e-01
1.022549033164978027e+00
-1.224112033843994141e+00
-1.446457028388977051e+00
7.941752672195434570e-01
7.442403435707092285e-01
1.183905720710754395e+00
7.819305658340454102e-01
-9.167905449867248535e-01
-1.075008034706115723e+00
-5.551797747611999512e-01
-2.875794470310211182e-02
-1.411420106887817383e+00
5.821625590324401855e-01
-6.925405859947204590e-01
-5.460707843303680420e-02
-1.774758100509643555e-01
6.489393115043640137e-01
-1.225434899330139160e+00
7.759406566619873047e-01
-1.203744053840637207e+00
-5.536726713180541992e-01
1.422331929206848145e+00
-5.240093469619750977e-01
-1.053889393806457520e+00
4.501709640026092529e-01
-2.946835383772850037e-02
3.755177557468414307e-01
-5.487110614776611328e-01
1.908347457647323608e-01
8.095617890357971191e-01
-3.499419689178466797e-01
1.317488193511962891e+00
-9.555321931838989258e-02
-5.459662079811096191e-01
8.301244378089904785e-01
-8.622981607913970947e-02
9.265012145042419434e-01
1.350746512413024902e+00
5.220957994461059570e-01
-1.004444342106580734e-02
-3.349933028221130371e-01
-8.417137861251831055e-01
2.498171180486679077e-01
5.717013478279113770e-01
-1.384793043136596680e+00
1.019970297813415527e+00
-6.901349425315856934e-01
2.961962223052978516e-01
-2.860700786113739014e-01
-6.523596048355102539e-01
5.781221017241477966e-02
7.119126915931701660e-01
1.290164981037378311e-02
2.955860376358032227e+00
1.229208111763000488e+00
1.658742278814315796e-01
5.711658596992492676e-01
-8.998140692710876465e-01
8.982342481613159180e-01
-3.754381835460662842e-01
1.924089789390563965e-01
1.141535758972167969e+00
5.108799338340759277e-01
-1.932666897773742676e-01
2.858016252517700195e+00
1.597019433975219727e-01
1.031309723854064941e+00
-7.347953319549560547e-01
-7.197838425636291504e-01
-2.513868808746337891e-01
-1.865581393241882324e+00
1.734076291322708130e-01
-1.201329100877046585e-02
-1.612364649772644043e+00
-3.192201554775238037e-01
-3.510795235633850098e-01
-7.310588359832763672e-01
9.049821496009826660e-01
9.180427193641662598e-01
1.550683379173278809e+00
2.604331672191619873e-01
4.072915315628051758e-01
9.683436155319213867e-01
-1.199141726829111576e-03
1.844313740730285645e+00
-8.104682564735412598e-01
-6.702172756195068359e-02
3.102614879608154297e-01
-4.606170952320098877e-01
-8.007722496986389160e-01
4.706627428531646729e-01
-3.928307443857192993e-02
2.186450213193893433e-01
-9.772461056709289551e-01
1.781266331672668457e+00
1.562196854501962662e-02
6.424135565757751465e-01
6.158280372619628906e-01
-4.965520650148391724e-02
-7.518227398395538330e-02
2.864586748182773590e-02
-3.428595364093780518e-01
1.306333858519792557e-02
-2.036869287490844727e+00
-6.491871476173400879e-01
-4.848685264587402344e-01
-6.136565208435058594e-01
-1.606474220752716064e-01
9.447876214981079102e-01
2.472104430198669434e-01
-2.256084792315959930e-02
-1.133566498756408691e+00
-2.750526368618011475e-01
-6.087881629355251789e-04
-2.964305579662322998e-01
1.626172900199890137e+00
-1.351690888404846191e-01
3.438400626182556152e-01
9.414705038070678711e-01
-1.719080090522766113e+00
-2.041367530822753906e+00
-7.290677428245544434e-01
-3.853183686733245850e-01
1.644832134246826172e+00
1.274738669395446777e+00
1.209073960781097412e-01
-7.226489186286926270e-01
2.318301349878311157e-01
-1.822867155075073242e+00
4.420816600322723389e-01
-4.551511108875274658e-01
4.489634037017822266e-01
-7.393043488264083862e-02
9.357196092605590820e-01
-1.867027767002582550e-02
4.758853614330291748e-01
-6.700131297111511230e-01
-1.215264916419982910e+00
9.731471538543701172e-01
-1.020353794097900391e+00
2.833715081214904785e-01
-8.849565386772155762e-01
-6.425018906593322754e-01
6.415320634841918945e-01
2.188324332237243652e-01
-6.866149604320526123e-02
4.452713131904602051e-01
-2.521181702613830566e-01
2.617376744747161865e-01
-5.258303880691528320e-01
-2.403689771890640259e-01
-2.014393568038940430e+00
1.064580321311950684e+00
7.128616571426391602e-01
-1.009989976882934570e+00
-1.086956620216369629e+00
-8.371970057487487793e-01
6.844989657402038574e-01
-6.133093833923339844e-01
-6.006399989128112793e-01
9.834501147270202637e-01
6.640489697456359863e-01
9.007978439331054688e-02
9.836256504058837891e-01
-8.365590572357177734e-01
-1.752521991729736328e+00
3.798987567424774170e-01
3.692262172698974609e-01
3.888604789972305298e-02
-1.298625916242599487e-01
3.076732456684112549e-01
-2.606972754001617432e-01
-1.580564379692077637e-01
1.032765656709671021e-01
8.346682786941528320e-01
-5.483445152640342712e-02
-4.385857880115509033e-01
2.321996688842773438e+00
1.087260469794273376e-01
3.399584293365478516e-01
-1.818917274475097656e+00
1.207506537437438965e+00
-4.053143039345741272e-02
-1.003055930137634277e+00
-5.048246383666992188e-01
-1.288692235946655273e+00
-7.501144409179687500e-01
-6.782380342483520508e-01
3.707762360572814941e-01
7.497880458831787109e-01
1.022739768028259277e+00
2.080558091402053833e-01
-3.387288451194763184e-01
1.074528172612190247e-01
-2.817391455173492432e-01
-2.089986950159072876e-01
-6.169288754463195801e-01
-5.677078664302825928e-02
-2.126172304153442383e+00
-5.162038207054138184e-01
-3.353230655193328857e-02
-2.846925735473632812e+00
-5.807225108146667480e-01
5.350128747522830963e-03
-3.690958917140960693e-01
5.530570149421691895e-01
3.466547131538391113e-01
4.265096187591552734e-01
-2.259445637464523315e-01
-1.202227830886840820e+00
1.346295714378356934e+00
1.983281612396240234e+00
2.820823431015014648e+00
4.075113832950592041e-01
1.816620863974094391e-02
2.065280079841613770e-01
1.258671641349792480e+00
-4.800791740417480469e-01
-4.101400449872016907e-02
-3.183647096157073975e-01
-5.645140409469604492e-01
-9.515994191169738770e-01
-5.056894421577453613e-01
-3.139761984348297119e-01
3.706248104572296143e-01
-1.331881403923034668e+00
1.381041288375854492e+00
-4.356431066989898682e-01
6.647857427597045898e-01
-4.347259551286697388e-02
7.716362178325653076e-02
-1.361846208572387695e+00
2.142189443111419678e-01
-7.656108587980270386e-02
-5.334752202033996582e-01
3.073234856128692627e-01
-7.564948797225952148e-01
3.679738044738769531e-01
-7.446134090423583984e-02
1.456862330436706543e+00
-4.683180153369903564e-01
5.977607965469360352e-01
-4.187202453613281250e-01
6.470527648925781250e-01
1.867651939392089844e-02
4.798361957073211670e-01
1.764649868011474609e+00
-7.392182946205139160e-01
-6.887518167495727539e-01
-8.448836803436279297e-01
-2.496984601020812988e-01
-7.257733345031738281e-01
9.738543629646301270e-02
6.382727026939392090e-01
-7.198209762573242188e-01
1.104709506034851074e+00
-1.405138015747070312e+00
-1.591386497020721436e-01
1.091396138072013855e-01
8.974270820617675781e-01
8.545147776603698730e-01
-8.193113803863525391e-01
5.493009090423583984e-01
1.400675654411315918e+00
7.778874635696411133e-01
3.400101363658905029e-01
-4.442016035318374634e-02
-9.027825593948364258e-01
3.846978545188903809e-01
3.561550974845886230e-01
-1.798753142356872559e-01
-5.042151212692260742e-01
1.662959933280944824e+00
-1.067788600921630859e+00
1.736826181411743164e+00
1.771968483924865723e+00
1.430009841918945312e+00
-1.283608794212341309e+00
1.760989546775817871e+00
4.732943475246429443e-01
5.981034040451049805e-01
5.143572688102722168e-01
1.381775856018066406e+00
1.747101068496704102e+00
-8.531216382980346680e-01
-7.075172662734985352e-01
-1.059184789657592773e+00
-1.117510199546813965e+00
-4.141251742839813232e-01
3.451035022735595703e-01
-6.194363832473754883e-01
5.416847467422485352e-01
-3.389546573162078857e-01
-2.750551700592041016e+00
-5.533069837838411331e-03
6.189264059066772461e-01
-1.630683839321136475e-01
5.980060100555419922e-01
7.905935645103454590e-01
1.219228029251098633e+00
4.858881831169128418e-01
-6.023028492927551270e-01
8.725510835647583008e-01
-1.047475814819335938e+00
4.898560047149658203e-01
-1.938773095607757568e-01
-1.472261697053909302e-01
-1.294820904731750488e-01
1.902544349431991577e-01
4.622098803520202637e-01
-5.042190551757812500e-01
-9.182444214820861816e-01
1.661586761474609375e-01
-2.746904492378234863e-01
2.766225039958953857e-01
-1.925536692142486572e-01
-9.584991931915283203e-01
-2.708207666873931885e-01
1.609347015619277954e-01
-2.049481421709060669e-01
4.163060784339904785e-01
8.139085173606872559e-01
1.181331753730773926e+00
3.952366411685943604e-01
-1.595717668533325195e-01
-1.568053007125854492e+00
4.612631350755691528e-02
1.308948278427124023e+00
5.557543635368347168e-01
2.683126330375671387e-01
3.558625578880310059e-01
-8.594676852226257324e-01
-1.880885004997253418e+00
8.753476142883300781e-01
-7.922412157058715820e-01
7.380638271570205688e-02
5.936897397041320801e-01
-1.640765219926834106e-01
4.818881154060363770e-01
-5.677643418312072754e-01
1.405611038208007812e+00
-1.681979447603225708e-01
-1.475103646516799927e-01
2.814092874526977539e+00
-1.565359234809875488e+00
-1.775554567575454712e-01
1.333668708801269531e+00
1.397675156593322754e+00
9.810588359832763672e-01
1.749939799308776855e+00
1.832704186439514160e+00
1.797668039798736572e-01
1.627360433340072632e-01
-2.804879844188690186e-01
5.477873682975769043e-01
7.568755745887756348e-01
-9.481307268142700195e-01
1.216134786605834961e+00
-1.146051287651062012e+00
-1.678859353065490723e+00
2.672133445739746094e-01
-2.114380121231079102e+00
2.876102328300476074e-01
1.097031384706497192e-01
-4.603065550327301025e-02
6.566429138183593750e-01
-3.769910931587219238e-01
4.754370152950286865e-01
-5.400889515876770020e-01
-2.586624026298522949e-01
-2.403612434864044189e-01
-6.220001578330993652e-01
-2.218350619077682495e-01
-7.001053690910339355e-01
1.598342418670654297e+00
-1.171522498130798340e+00
8.173877596855163574e-01
6.349729895591735840e-01
-4.134141802787780762e-01
-5.638225674629211426e-01
3.120709061622619629e-01
-1.063098549842834473e+00
-2.742236256599426270e-01
2.829036116600036621e-01
-4.305912256240844727e-01
7.213771939277648926e-01
1.533337712287902832e+00
