-4.465111494064331055e-01
-4.582720398902893066e-01
-1.068505764007568359e+00
-3.839945197105407715e-01
-4.073244929313659668e-01
7.110995799303054810e-02
-1.584197282791137695e+00
9.177798628807067871e-01
4.166673868894577026e-02
9.819475412368774414e-01
-3.052961826324462891e-01
-2.496581077575683594e-01
4.246170520782470703e-01
3.775994479656219482e-01
-5.530126690864562988e-01
-9.743297845125198364e-02
-1.527201414108276367e+00
9.925689697265625000e-01
2.227244153618812561e-02
-1.548521041870117188e+00
-7.900279760360717773e-01
-1.085747718811035156e+00
-6.811475753784179688e-01
-1.294778108596801758e+00
-1.705997467041015625e+00
-3.381871879100799561e-01
1.001768782734870911e-01
-1.356159925460815430e+00
8.783847689628601074e-01
9.207324981689453125e-01
-1.760362833738327026e-01
1.436359405517578125e+00
1.596177577972412109e+00
7.705671787261962891e-01
5.001884102821350098e-01
4.862988367676734924e-02
9.939566254615783691e-02
-5.041475296020507812e-01
2.429527789354324341e-01
1.318772315979003906e+00
4.167706072330474854e-01
2.086279869079589844e+00
1.532208085060119629e+00
-3.098629415035247803e-02
-6.993018984794616699e-01
-8.270279169082641602e-01
-8.810008168220520020e-01
1.804522395133972168e+00
1.566655635833740234e+00
-6.332513689994812012e-01
4.384306371212005615e-01
8.606681227684020996e-01
3.794569671154022217e-01
-1.293583631515502930e+00
-2.590979933738708496e-01
6.970463991165161133e-01
-2.372902482748031616e-01
-1.696486622095108032e-01
-3.141771852970123291e-01
5.131940841674804688e-01
-1.144590079784393311e-01
1.489720463752746582e+00
-3.737715482711791992e-01
1.755627632141113281e+00
-2.032159715890884399e-01
-7.414452433586120605e-01
2.098575592041015625e+00
-1.050122007727622986e-01
-6.258809566497802734e-01
8.959333300590515137e-01
-1.140009999275207520e+00
-1.064163088798522949e+00
-2.096887081861495972e-01
8.604717850685119629e-01
2.245272397994995117e-01
1.183704257011413574e+00
3.672274947166442871e-01
-6.455464363098144531e-01
-1.948979258537292480e+00
6.201456785202026367e-01
2.845493257045745850e-01
6.590156555175781250e-01
-1.059247374534606934e+00
-1.272834897041320801e+00
2.478807121515274048e-01
-9.791499376296997070e-02
4.114982485771179199e-01
-1.726467609405517578e+00
3.135089278221130371e-01
4.520558118820190430e-01
-6.992939114570617676e-01
-2.129112005233764648e+00
1.345144867897033691e+00
7.582754478789865971e-04
-2.454061359167098999e-01
-8.454771637916564941e-01
7.308559864759445190e-02
-1.660814732313156128e-01
-1.051509618759155273e+00
1.270295023918151855e+00
-6.827254891395568848e-01
-1.130104660987854004e+00
5.885611772537231445e-01
-2.264118790626525879e-01
-3.164919912815093994e-01
1.857617199420928955e-01
1.354454904794692993e-01
-1.075333237648010254e+00
4.389365315437316895e-01
1.024706885218620300e-01
-1.821963310241699219e+00
4.857230186462402344e-01
5.058691501617431641e-01
-9.495947360992431641e-01
3.468374609947204590e-01
-1.543621998280286789e-02
1.653394103050231934e+00
-7.195340991020202637e-01
1.898204833269119263e-01
5.371066927909851074e-01
9.214904904365539551e-01
-8.475625514984130859e-01
1.867353320121765137e-01
7.137490063905715942e-02
7.868689894676208496e-01
-3.175128400325775146e-01
7.596880197525024414e-01
-1.984050422906875610e-01
