-9.175882935523986816e-01
-2.158141285181045532e-01
-6.646358370780944824e-01
2.818191647529602051e-01
1.015282154083251953e+00
-1.532195718027651310e-03
2.962790727615356445e-01
1.356064081192016602e-01
-3.198482394218444824e-01
2.728210985660552979e-01
7.213151454925537109e-01
-6.403495073318481445e-01
-1.181486472487449646e-01
9.563580155372619629e-01
-1.245113849639892578e+00
4.541609436273574829e-02
9.417515993118286133e-01
7.457301765680313110e-02
3.576830029487609863e-01
-9.895158410072326660e-01
-5.223922133445739746e-01
-1.037461638450622559e+00
-2.993614971637725830e-02
4.233692288398742676e-01
-5.591048598289489746e-01
-3.602991998195648193e-01
-6.293644905090332031e-01
-1.991958856582641602e+00
-8.873625993728637695e-01
7.644667625427246094e-01
-9.162684082984924316e-01
1.323653221130371094e+00
-3.161613345146179199e-01
-4.785024821758270264e-01
-3.885478973388671875e-01
7.604590803384780884e-02
4.123076796531677246e-01
1.775469303131103516e+00
-1.691206932067871094e+00
-1.353453636169433594e+00
-5.748310685157775879e-01
-1.124469399452209473e+00
-1.881195902824401855e-01
1.001517415046691895e+00
8.630002140998840332e-01
-3.586006462574005127e-01
-1.048543676733970642e-01
4.198189079761505127e-01
2.796123921871185303e-01
1.374766826629638672e+00
1.079490542411804199e+00
2.152786105871200562e-01
1.383033633232116699e+00
1.547932982444763184e+00
6.096808910369873047e-01
-2.076034694910049438e-01
1.481949567794799805e+00
-9.463671445846557617e-01
6.557594537734985352e-01
2.822646200656890869e-01
-9.852894544601440430e-01
-8.840512484312057495e-02
-5.733325481414794922e-01
6.142905354499816895e-01
8.783261179924011230e-01
3.066564351320266724e-02
-1.814104169607162476e-01
8.702773451805114746e-01
-1.096186414361000061e-01
-4.680547118186950684e-01
-4.191695153713226318e-01
5.190162658691406250e-01
-4.786233603954315186e-01
1.092339277267456055e+00
-3.130102902650833130e-02
-1.747093200683593750e+00
2.182871699333190918e-01
1.216718196868896484e+00
1.337381243705749512e+00
-1.399948000907897949e+00
-1.037281826138496399e-01
-1.933506965637207031e+00
1.385033130645751953e+00
-1.577112823724746704e-01
-5.866507291793823242e-01
-1.238838911056518555e+00
1.107020020484924316e+00
-8.850640803575515747e-02
-3.192774951457977295e-01
1.146152973175048828e+00
2.862913301214575768e-03
4.019426703453063965e-01
-1.357517242431640625e+00
4.241863787174224854e-01
-3.165802657604217529e-01
5.253000855445861816e-01
1.339426994323730469e+00
1.936407983303070068e-01
-5.814309120178222656e-01
-1.023191452026367188e+00
-6.872978806495666504e-01
2.169306278228759766e+00
5.301537513732910156e-01
-7.571826577186584473e-01
-3.825068771839141846e-01
-1.493385881185531616e-01
3.458094596862792969e-01
-3.303354680538177490e-01
-1.851550102233886719e+00
-9.077430963516235352e-01
-9.096357822418212891e-01
-1.718796968460083008e+00
-6.618286371231079102e-01
3.637179434299468994e-01
9.042466431856155396e-02
3.015041351318359375e-01
-8.576647937297821045e-02
-1.776903271675109863e+00
-6.714153289794921875e-01
-7.357975840568542480e-01
-3.327296972274780273e-01
-5.024434328079223633e-01
1.350629448890686035e+00
-4.033388197422027588e-01
1.923556804656982422e+00
2.684943437576293945e+00
-1.369141817092895508e+00
8.502070903778076172e-01
1.892005085945129395e+00
6.642439365386962891e-01
-4.809260070323944092e-01
1.527649760246276855e+00
5.975377559661865234e-01
5.296547412872314453e-01
6.155105829238891602e-01
2.328421324491500854e-01
9.833379983901977539e-01
1.124792575836181641e+00
9.800019115209579468e-02
-9.447673559188842773e-01
-1.351611018180847168e+00
-5.562067627906799316e-01
-4.110928177833557129e-01
1.137508153915405273e+00
5.313462615013122559e-01
2.158207893371582031e+00
7.723878026008605957e-01
-7.020405530929565430e-01
-3.681592047214508057e-01
-5.477218031883239746e-01
-1.804536283016204834e-01
1.146562576293945312e+00
8.924385309219360352e-01
1.416899681091308594e+00
3.643255531787872314e-01
-1.433600425720214844e+00
6.136984229087829590e-01
1.453004002571105957e+00
-3.750811517238616943e-01
8.554252982139587402e-01
-6.991063952445983887e-01
9.728757143020629883e-01
3.187648952007293701e-01
-4.656026661396026611e-01
6.828334927558898926e-01
-8.542038798332214355e-01
6.111022830009460449e-02
8.191083073616027832e-01
8.804923295974731445e-01
-2.672079950571060181e-02
5.581598281860351562e-01
7.528287768363952637e-01
6.321785449981689453e-01
-8.943803906440734863e-01
4.051342010498046875e-01
-3.316633701324462891e-01
1.977617263793945312e+00
1.308013439178466797e+00
6.717957258224487305e-01
-1.258788347244262695e+00
1.604552268981933594e-01
-1.597742199897766113e+00
-7.868700623512268066e-01
-7.212927341461181641e-01
-3.525556921958923340e-01
5.893339514732360840e-01
8.738772869110107422e-01
-1.279436111450195312e+00
-1.127751469612121582e-01
-1.651295304298400879e+00
-1.750913411378860474e-01
-5.128015875816345215e-01
-1.176176786422729492e+00
1.377860188484191895e+00
9.712135791778564453e-01
-6.527481079101562500e-01
-6.379210948944091797e-01
-8.503013849258422852e-01
1.788894176483154297e+00
-6.032736897468566895e-01
4.839770793914794922e-01
-5.777618288993835449e-01
-4.058727025985717773e-01
-6.497558355331420898e-01
-1.186198949813842773e+00
1.174887895584106445e+00
-5.217547416687011719e-01
-2.372960597276687622e-01
2.346867471933364868e-01
5.015286803245544434e-01
-2.718529403209686279e-01
-8.237062692642211914e-01
-1.231568694114685059e+00
-2.380696535110473633e-01
-8.376418948173522949e-01
-6.534128785133361816e-01
1.426440358161926270e+00
-1.471280217170715332e+00
-7.993955016136169434e-01
-1.110079169273376465e+00
-1.587287306785583496e+00
1.159530431032180786e-01
-2.349668741226196289e-01
6.946191936731338501e-02
3.029905855655670166e-01
-1.771230459213256836e+00
-2.349872142076492310e-01
5.653249025344848633e-01
8.479773998260498047e-01
-2.214464992284774780e-01
6.992634534835815430e-01
2.975111305713653564e-01
-4.799341559410095215e-01
-6.516709327697753906e-01
-5.705540180206298828e-01
-4.930915832519531250e-01
-1.978495121002197266e-01
6.958136558532714844e-01
8.563084900379180908e-02
2.748316824436187744e-01
5.308631658554077148e-01
1.269692540168762207e+00
-1.900716871023178101e-02
-8.663584589958190918e-01
1.293517470359802246e+00
1.243125647306442261e-01
-1.393805623054504395e+00
-1.156344294548034668e+00
-1.549515247344970703e+00
-3.265365660190582275e-01
-7.517893910408020020e-01
6.045368313789367676e-02
-5.931085348129272461e-01
-3.948169052600860596e-01
5.779595300555229187e-02
-5.113633275032043457e-01
5.539988875389099121e-01
-5.424492955207824707e-01
-1.942169189453125000e+00
9.151766896247863770e-01
1.642793893814086914e+00
-3.163212165236473083e-02
1.432837724685668945e+00
1.152679204940795898e+00
-1.654581189155578613e+00
1.356862425804138184e+00
7.188660502433776855e-01
1.735503315925598145e+00
-5.288513004779815674e-02
6.908760666847229004e-01
-7.854127883911132812e-01
-1.104887962341308594e+00
1.142862319946289062e+00
3.972262740135192871e-01
3.376970291137695312e-01
-8.576155304908752441e-01
-3.740459382534027100e-01
2.847690582275390625e-01
2.868201211094856262e-02
1.182352751493453979e-01
-1.940819621086120605e+00
7.594696879386901855e-01
-1.213713884353637695e+00
-5.361729860305786133e-01
7.193176150321960449e-01
-4.661055207252502441e-01
1.356464028358459473e+00
-5.020195841789245605e-01
6.852512955665588379e-01
-6.862282007932662964e-02
5.361621379852294922e-01
4.606249630451202393e-01
3.823706507682800293e-01
-1.471165180206298828e+00
1.538153141736984253e-01
-9.708642363548278809e-01
4.664196446537971497e-02
-1.353833198547363281e+00
-1.823058485984802246e+00
1.613850235939025879e+00
2.213079296052455902e-02
6.327707171440124512e-01
-2.469450980424880981e-01
2.111965656280517578e+00
-6.719247321598231792e-04
-9.655389189720153809e-01
-2.807771444320678711e+00
2.732399702072143555e-01
3.332206010818481445e-01
1.733120232820510864e-01
3.696389198303222656e-01
-9.017196893692016602e-01
-6.986143067479133606e-03
-3.733946979045867920e-01
-5.486963987350463867e-01
-4.609228670597076416e-01
-1.486763060092926025e-01
1.193145036697387695e+00
8.511391878128051758e-01
-4.804110527038574219e-02
4.324459731578826904e-01
4.556582272052764893e-01
-2.309272810816764832e-02
-2.597426623106002808e-02
3.285636603832244873e-01
1.113883495330810547e+00
8.332492113113403320e-01
2.777939736843109131e-01
9.128351211547851562e-01
6.373583078384399414e-01
6.573868393898010254e-01
2.677509486675262451e-01
5.216336250305175781e-01
-1.017678022384643555e+00
1.261725068092346191e+00
-4.471764564514160156e-01
-1.518084406852722168e+00
8.380648493766784668e-01
-7.103397846221923828e-01
1.055343270301818848e+00
-4.201430082321166992e-01
-1.035445809364318848e+00
4.019294381141662598e-01
-6.048449277877807617e-01
1.806059926748275757e-01
3.080747276544570923e-02
1.321535348892211914e+00
-4.529610872268676758e-01
-9.832333326339721680e-01
-2.903745472431182861e-01
-1.092736244201660156e+00
-1.476748347282409668e+00
-5.762051343917846680e-01
-2.451292872428894043e-01
-7.451105862855911255e-02
-5.328285694122314453e-01
-6.641414165496826172e-01
-1.349737346172332764e-01
1.718000888824462891e+00
-2.370370626449584961e+00
-5.799977183341979980e-01
1.631899356842041016e+00
5.571061968803405762e-01
9.617102146148681641e-01
7.636128067970275879e-01
-1.640564948320388794e-01
7.643960118293762207e-01
6.669288873672485352e-02
1.211723208427429199e+00
6.715130060911178589e-02
-9.199073314666748047e-01
3.814789652824401855e-01
9.181170910596847534e-02
-6.713011264801025391e-01
-7.144234329462051392e-02
1.197526454925537109e+00
-9.974106550216674805e-01
-1.393678307533264160e+00
1.363994002342224121e+00
-4.923774600028991699e-01
-6.168060898780822754e-01
-7.833888530731201172e-01
-2.063926309347152710e-01
5.060519576072692871e-01
1.560335874557495117e+00
1.776106953620910645e-01
-8.019911646842956543e-01
-1.438268780708312988e+00
2.157049655914306641e+00
-3.842623531818389893e-01
-5.521579980850219727e-01
-6.202654242515563965e-01
-2.552949190139770508e-01
5.597672462463378906e-01
-7.236271500587463379e-01
-1.212114930152893066e+00
-1.927318215370178223e+00
-6.536926031112670898e-01
-4.038161039352416992e-01
-1.708182692527770996e+00
-1.104770153760910034e-01
1.111508488655090332e+00
-5.635673552751541138e-02
-8.506960272789001465e-01
4.224933683872222900e-01
6.598027348518371582e-01
3.763811290264129639e-02
-1.309924483299255371e+00
-2.041168957948684692e-01
-3.625859618186950684e-01
5.205793771892786026e-03
6.609274744987487793e-01
1.429787576198577881e-01
5.150394439697265625e-01
6.147116422653198242e-01
-1.231014966964721680e+00
-8.506889343261718750e-01
-4.991371557116508484e-02
-1.751004457473754883e-01
3.904153108596801758e-01
-7.958395779132843018e-02
-4.544562101364135742e-02
4.983336478471755981e-02
-6.955571174621582031e-01
-1.381412744522094727e-01
-1.764163851737976074e+00
-3.021895587444305420e-01
-9.343809485435485840e-01
1.135085105895996094e+00
-1.137886792421340942e-01
5.263810157775878906e-01
2.850276827812194824e-01
1.089385151863098145e-01
2.628560662269592285e-01
9.519242048263549805e-01
-2.007583826780319214e-01
1.036393642425537109e+00
2.594992220401763916e-01
7.809303998947143555e-01
-7.721215486526489258e-01
6.377552449703216553e-02
7.524040937423706055e-01
4.027528464794158936e-01
1.011128187179565430e+00
-2.434269189834594727e+00
8.212194442749023438e-01
9.436820149421691895e-01
-1.087301969528198242e+00
-2.660153508186340332e-01
-8.386059403419494629e-01
1.151423096656799316e+00
6.186947822570800781e-01
3.417617976665496826e-01
-1.134488701820373535e+00
-4.888004362583160400e-01
8.600778579711914062e-01
6.633540987968444824e-01
3.658810555934906006e-01
-1.614699840545654297e+00
4.219572246074676514e-02
1.558684587478637695e+00
-7.814700603485107422e-01
8.629601001739501953e-01
1.802950620651245117e+00
8.053677082061767578e-01
1.486795663833618164e+00
-1.119348965585231781e-02
-5.800015926361083984e-01
-3.962536156177520752e-01
-1.119108218699693680e-02
-1.225791692733764648e+00
9.933624863624572754e-01
5.451849196106195450e-03
1.544337987899780273e+00
-4.716920852661132812e-01
-6.758705377578735352e-01
-1.276535034179687500e+00
6.213264167308807373e-02
-2.213576249778270721e-02
-4.985923469066619873e-01
-5.486977696418762207e-01
-1.442152738571166992e+00
2.438073903322219849e-01
4.529696702957153320e-01
-6.548592448234558105e-01
1.387817859649658203e-01
9.072757959365844727e-01
-1.154304862022399902e+00
1.709440797567367554e-01
6.102500557899475098e-01
-1.542198896408081055e+00
6.583213806152343750e-01
3.778842687606811523e-01
1.933665201067924500e-02
6.795057058334350586e-01
2.902317047119140625e-01
-7.649918794631958008e-01
-4.220910370349884033e-01
1.477240324020385742e+00
-8.654973506927490234e-01
1.877045154571533203e+00
8.727310597896575928e-02
-7.651402354240417480e-01
1.327240467071533203e+00
-1.890732645988464355e-01
3.923124819993972778e-02
-1.054462671279907227e+00
-1.289165258407592773e+00
-3.444481790065765381e-01
-6.531834006309509277e-01
-3.815322518348693848e-01
1.142099022865295410e+00
-1.011795401573181152e+00
5.039266347885131836e-01
-1.832082748413085938e+00
1.837072730064392090e+00
2.352032065391540527e-01
-1.083746552467346191e+00
7.207934260368347168e-01
5.403518080711364746e-01
8.854213356971740723e-01
-5.861974358558654785e-01
-3.094717562198638916e-01
-9.521651081740856171e-03
1.066166877746582031e+00
-1.155391216278076172e+00
2.291526645421981812e-01
-6.924949288368225098e-01
-6.378068923950195312e-01
5.291267633438110352e-01
8.376948833465576172e-01
1.289612531661987305e+00
-1.719993799924850464e-01
1.154522538185119629e+00
1.453056693077087402e+00
4.346466362476348877e-01
-1.399374008178710938e+00
-8.541013598442077637e-01
4.667623639106750488e-01
2.178875505924224854e-01
-6.511154174804687500e-01
-4.703819751739501953e-01
5.902360379695892334e-02
1.307142496109008789e+00
-1.554878950119018555e+00
5.991276502609252930e-01
4.791257083415985107e-01
-1.124736785888671875e+00
1.180111408233642578e+00
-1.022696375846862793e+00
-7.993818521499633789e-01
7.696295380592346191e-01
-1.073531985282897949e+00
-5.430423021316528320e-01
-3.885363042354583740e-02
-4.714877307415008545e-01
-6.063732504844665527e-01
6.250604391098022461e-01
-1.941838264465332031e+00
9.151421189308166504e-01
1.062227606773376465e+00
3.116488456726074219e-01
8.891007304191589355e-02
3.441012799739837646e-01
3.345330953598022461e-01
-2.507742643356323242e+00
6.632384061813354492e-01
2.611732780933380127e-01
4.624443054199218750e-01
4.732704758644104004e-01
-3.926035761833190918e-01
6.157118678092956543e-01
-6.563570499420166016e-01
4.221813976764678955e-01
3.179234564304351807e-01
1.339882314205169678e-01
-8.577031493186950684e-01
-7.085897922515869141e-01
-8.681394457817077637e-01
7.161030173301696777e-01
-1.595612466335296631e-01
-1.517502069473266602e+00
-7.792355418205261230e-01
1.057208299636840820e+00
4.554447233676910400e-01
5.908826589584350586e-01
5.735763907432556152e-01
-2.281021699309349060e-02
-8.386800289154052734e-01
7.023249864578247070e-01
-6.119119524955749512e-01
-4.777966141700744629e-01
5.248222127556800842e-02
5.254996418952941895e-01
1.457348614931106567e-01
-5.918483138084411621e-01
4.508949518203735352e-01
-7.312310934066772461e-01
-1.249296903610229492e+00
-6.784343719482421875e-01
5.032803416252136230e-01
7.677146196365356445e-01
-1.903012633323669434e+00
-4.350948929786682129e-01
1.545878052711486816e+00
-5.151754617691040039e-01
1.940073847770690918e+00
2.682627201080322266e+00
8.616431355476379395e-01
-1.077046155929565430e+00
-2.434337884187698364e-01
1.684684276580810547e+00
-9.469009637832641602e-01
2.494641691446304321e-01
-4.180340096354484558e-03
-9.297404289245605469e-01
1.547916889190673828e+00
4.519805014133453369e-01
9.502258300781250000e-01
4.861419498920440674e-01
-2.284062385559082031e+00
-1.389052510261535645e+00
-6.778652667999267578e-01
1.687918663024902344e+00
-1.223178029060363770e+00
1.184867978096008301e+00
-6.944190263748168945e-01
-7.434958219528198242e-01
9.736045449972152710e-02
-1.548870801925659180e-01
4.919755160808563232e-01
4.980638623237609863e-01
2.108927071094512939e-01
5.109880566596984863e-01
-1.113327294588088989e-01
6.710588335990905762e-01
-6.800010800361633301e-01
9.308952689170837402e-01
1.029026627540588379e+00
5.104708671569824219e-01
4.206361770629882812e-01
2.081544876098632812e+00
-1.616955399513244629e+00
-2.129902690649032593e-01
4.688455760478973389e-01
-4.301961511373519897e-02
1.409219622611999512e+00
-7.548012137413024902e-01
8.078547716140747070e-01
4.957643747329711914e-01
-1.292988564819097519e-02
-7.714775800704956055e-01
-1.333085894584655762e+00
-1.488088369369506836e+00
2.637498378753662109e-01
-4.267904758453369141e-01
-2.206353425979614258e+00
9.069004654884338379e-01
-2.986103892326354980e-01
-5.511871576309204102e-01
-7.133711576461791992e-01
-8.016417622566223145e-01
-2.032923325896263123e-02
-2.288865804672241211e+00
7.625756412744522095e-02
-1.495311975479125977e+00
8.601002693176269531e-01
-8.608462810516357422e-01
-5.245409533381462097e-02
-1.563782572746276855e+00
-2.552290260791778564e-01
-4.506217241287231445e-01
4.337476491928100586e-01
9.955235570669174194e-02
4.700841307640075684e-01
2.469009906053543091e-01
-1.829559445381164551e+00
-1.548281073570251465e+00
-7.370517253875732422e-01
-3.043800592422485352e-01
9.623641371726989746e-01
1.026322722434997559e+00
-4.142487943172454834e-01
1.042203828692436218e-01
-3.085255324840545654e-01
9.109016507863998413e-02
1.340386509895324707e+00
-4.739503860473632812e-01
5.721174478530883789e-01
-2.318497896194458008e-01
-4.165378510951995850e-01
-7.963605970144271851e-02
5.297172665596008301e-01
9.170775413513183594e-01
5.601235032081604004e-01
-3.515118956565856934e-01
-8.310396075248718262e-01
-3.844639956951141357e-01
-2.204453229904174805e+00
1.650390774011611938e-01
-9.211279749870300293e-01
7.837640047073364258e-01
-9.385984539985656738e-01
-2.073968946933746338e-01
9.385955333709716797e-01
-5.281289219856262207e-01
6.209819316864013672e-01
6.056337356567382812e-01
1.308612108230590820e+00
1.403337270021438599e-01
7.475636005401611328e-01
6.072385311126708984e-01
-9.453845620155334473e-01
-8.035143613815307617e-01
-1.197372674942016602e+00
4.303676187992095947e-01
-9.664645791053771973e-02
3.312627971172332764e-01
-1.876833796501159668e+00
-1.614390134811401367e+00
1.173919320106506348e+00
9.655563831329345703e-01
6.840120553970336914e-01
-6.741660833358764648e-01
2.009197324514389038e-01
2.030999511480331421e-01
-3.105895519256591797e-01
1.777721196413040161e-01
-1.759885847568511963e-01
-5.777600407600402832e-01
2.646358013153076172e-01
-6.984394788742065430e-01
-1.290662407875061035e+00
4.672506451606750488e-01
3.232078552246093750e-01
2.124630361795425415e-01
1.000592470169067383e+00
4.927086234092712402e-01
4.063573479652404785e-01
6.333159804344177246e-01
-1.099825501441955566e+00
-2.814007699489593506e-01
-5.754608511924743652e-01
-8.604443669319152832e-01
2.781188488006591797e-01
-1.415506720542907715e+00
9.005679488182067871e-01
-6.273670196533203125e-01
-5.827642232179641724e-02
-3.198263645172119141e-01
7.246357202529907227e-02
6.331559419631958008e-01
-6.731799840927124023e-01
-5.202043652534484863e-01
6.994708776473999023e-01
-1.543898940086364746e+00
4.728204309940338135e-01
-1.646740287542343140e-01
-7.917369902133941650e-02
-1.321017742156982422e+00
1.450726389884948730e+00
-1.081549644470214844e+00
-4.829237759113311768e-01
2.205908000469207764e-01
1.661901473999023438e+00
9.551883488893508911e-02
1.837294995784759521e-01
-6.534735858440399170e-02
1.168369129300117493e-01
-8.362555503845214844e-01
-1.384355723857879639e-01
1.486902594566345215e+00
1.144662976264953613e+00
-3.542421460151672363e-01
-1.202039480209350586e+00
1.331975460052490234e-01
1.569781064987182617e+00
1.405357599258422852e+00
1.025635361671447754e+00
3.288351595401763916e-01
1.533656477928161621e+00
-8.065642714500427246e-01
-5.175918936729431152e-01
-7.943950891494750977e-01
-5.638899281620979309e-02
-1.477574348449707031e+00
5.502118170261383057e-02
-7.126837968826293945e-01
-6.764621138572692871e-01
-2.597207389771938324e-02
5.280959978699684143e-02
5.460169315338134766e-01
-6.003747582435607910e-01
7.748303562402725220e-02
4.091489911079406738e-01
-1.011536717414855957e+00
1.677229642868041992e+00
-1.129615545272827148e+00
6.790488958358764648e-02
-3.372192084789276123e-01
-4.294628202915191650e-01
-7.582330107688903809e-01
2.924097776412963867e-01
-6.331455111503601074e-01
-7.884175777435302734e-01
9.146421551704406738e-01
7.322929501533508301e-01
-5.397663712501525879e-01
2.619499862194061279e-01
7.666546106338500977e-01
4.324965775012969971e-01
-4.286174774169921875e-01
1.288324236869812012e+00
1.646697163581848145e+00
-6.389170289039611816e-01
4.293531477451324463e-01
6.956914067268371582e-01
-1.062065005302429199e+00
5.527850389480590820e-01
4.141243696212768555e-01
-8.849814534187316895e-01
1.102383971214294434e+00
-1.087707057595252991e-01
4.929208159446716309e-01
-7.143431305885314941e-01
7.102887034416198730e-01
5.237619876861572266e-01
-3.667576014995574951e-01
-6.694180518388748169e-02
-5.612558126449584961e-01
-2.536222338676452637e-01
-5.923354029655456543e-01
3.349835798144340515e-02
-1.493069231510162354e-01
-6.599912643432617188e-01
-5.364320874214172363e-01
-4.669392704963684082e-01
1.171893477439880371e+00
-4.264870285987854004e-01
-2.552417993545532227e+00
1.531535029411315918e+00
-4.940426647663116455e-01
-1.041496172547340393e-01
3.861269950866699219e-01
1.291556209325790405e-01
-1.596989482641220093e-01
-5.403849482536315918e-01
-6.815157532691955566e-01
-5.661856532096862793e-01
1.865646123886108398e+00
4.275935292243957520e-01
1.032069683074951172e+00
1.617457866668701172e+00
1.476956605911254883e+00
7.832890748977661133e-01
7.107704281806945801e-01
3.702365234494209290e-02
-7.876867055892944336e-01
4.921685755252838135e-01
-1.474232673645019531e+00
6.755369305610656738e-01
-1.208838939666748047e+00
4.056068360805511475e-01
9.102629423141479492e-01
-5.372205749154090881e-02
5.052096843719482422e-01
5.871930718421936035e-01
1.000820636749267578e+00
3.300825059413909912e-01
-7.605913281440734863e-01
6.910891532897949219e-01
5.015292763710021973e-01
-2.464867942035198212e-02
8.735920190811157227e-01
9.476740360260009766e-01
-6.865752395242452621e-03
9.023907184600830078e-01
-8.102960586547851562e-01
7.267514467239379883e-01
7.544119358062744141e-01
-3.843161165714263916e-01
-1.425337791442871094e-01
-1.826127618551254272e-01
1.570824682712554932e-01
-1.065070703625679016e-01
1.736569523811340332e+00
4.201010763645172119e-01
-5.795718729496002197e-02
-1.520725727081298828e+00
1.338118672370910645e+00
4.421734213829040527e-01
-1.640625715255737305e+00
-3.834111690521240234e-01
-5.875661969184875488e-01
-6.942216157913208008e-01
-3.488986492156982422e-01
-3.605360984802246094e-01
-4.568410292267799377e-02
2.099096536636352539e+00
-4.926914870738983154e-01
-1.234407782554626465e+00
8.757448196411132812e-02
2.246643304824829102e-01
1.700112700462341309e+00
2.094367027282714844e+00
1.832637429237365723e+00
6.606471538543701172e-01
-8.898060321807861328e-01
-5.462395548820495605e-01
3.192365169525146484e-01
9.960477799177169800e-02
-9.869290888309478760e-02
-6.785333901643753052e-02
1.592376708984375000e+00
-2.492596209049224854e-01
4.132807552814483643e-01
-1.496502041816711426e+00
-8.250803500413894653e-02
-1.403398625552654266e-02
-8.214935064315795898e-01
-7.311066240072250366e-02
-1.868419408798217773e+00
-6.835358142852783203e-01
-3.355229496955871582e-01
-1.051007807254791260e-01
4.047884345054626465e-01
-1.063814997673034668e+00
1.323534131050109863e+00
-4.048951864242553711e-01
-8.227378129959106445e-01
3.004158735275268555e-01
-7.067027688026428223e-02
1.131043508648872375e-01
3.317787051200866699e-01
9.230945259332656860e-02
5.915991961956024170e-02
3.290788233280181885e-01
-3.462032675743103027e-01
1.523705959320068359e+00
1.553229093551635742e+00
7.869271636009216309e-01
-6.058242321014404297e-01
1.108056187629699707e+00
-8.548814654350280762e-01
1.591594576835632324e+00
3.607993125915527344e-01
5.984323620796203613e-01
2.005142122507095337e-01
3.786639310419559479e-03
-1.647552490234375000e+00
5.910151004791259766e-01
9.002091884613037109e-01
2.967786192893981934e-01
1.148083567619323730e+00
-4.761349558830261230e-01
1.276485919952392578e+00
7.190206646919250488e-01
1.003808751702308655e-01
-1.281600892543792725e-01
1.503144353628158569e-01
8.274287581443786621e-01
2.011383056640625000e+00
1.678563803434371948e-01
-2.050847262144088745e-01
-7.537691295146942139e-02
5.424384027719497681e-02
-4.222265481948852539e-01
3.427384197711944580e-01
5.925758183002471924e-02
-1.657727956771850586e-01
-6.637288630008697510e-02
-3.228699415922164917e-02
-1.082474086433649063e-02
1.471088051795959473e+00
-1.295304298400878906e+00
-2.450318932533264160e-01
-2.189508825540542603e-01
-2.824347317218780518e-01
-9.808602333068847656e-01
-1.130319595336914062e+00
2.833386361598968506e-01
-1.628857702016830444e-01
-1.027580618858337402e+00
-1.512729525566101074e+00
-8.871103525161743164e-01
1.031556367874145508e+00
-4.875244498252868652e-01
-1.828827619552612305e+00
1.236330389976501465e+00
-1.191572785377502441e+00
-5.312267690896987915e-02
-2.628999650478363037e-01
-6.018266081809997559e-01
3.564463257789611816e-01
8.949370980262756348e-01
6.102455407381057739e-02
-1.116313695907592773e+00
9.078326821327209473e-01
-6.175025701522827148e-01
1.247754931449890137e+00
