-1.733420640230178833e-01
1.482682824134826660e+00
1.241541728377342224e-01
-1.126788973808288574e+00
-1.143533110618591309e+00
-5.568242073059082031e-01
-6.502263545989990234e-01
-1.707744359970092773e+00
5.349683165550231934e-01
1.027640581130981445e+00
7.360798716545104980e-01
-1.192204833030700684e+00
1.147963523864746094e+00
-5.983613729476928711e-01
7.804511189460754395e-01
-8.494811058044433594e-01
1.790601491928100586e+00
5.693430900573730469e-01
1.635693758726119995e-01
2.311802953481674194e-01
8.238344788551330566e-01
7.967116832733154297e-01
-9.742570519447326660e-01
5.935450792312622070e-01
-9.987276792526245117e-01
1.540711056441068649e-02
2.444807440042495728e-01
1.928186893463134766e+00
-6.633289456367492676e-01
7.995455861091613770e-01
-1.401152133941650391e+00
-1.719265244901180267e-02
3.873409330844879150e-01
-1.454126477241516113e+00
-5.245703458786010742e-01
6.300538778305053711e-02
-5.446485280990600586e-01
8.698254227638244629e-01
7.237411290407180786e-02
-5.895258784294128418e-01
-2.902883589267730713e-01
5.387076735496520996e-01
5.670588612556457520e-01
-3.343196809291839600e-01
-5.558080673217773438e-01
-1.287912607192993164e+00
7.004964351654052734e-01
7.912467122077941895e-01
3.351964652538299561e-01
5.076979398727416992e-01
9.272655844688415527e-01
8.189862966537475586e-02
-2.084199637174606323e-01
5.846308171749114990e-02
-1.033079504966735840e+00
1.920947581529617310e-01
1.890771269798278809e+00
-5.646194815635681152e-01
1.401299834251403809e+00
-7.420651316642761230e-01
6.561726331710815430e-01
-8.962776064872741699e-01
-3.719407021999359131e-01
8.098767399787902832e-01
-4.472891390323638916e-01
-3.346345722675323486e-01
2.394671440124511719e-01
7.975061535835266113e-01
-2.424932122230529785e-01
-2.694610357284545898e-01
1.510301530361175537e-01
8.051163516938686371e-03
5.842176079750061035e-01
-8.328329324722290039e-01
2.275220394134521484e+00
1.861138939857482910e+00
-1.381465435028076172e+00
6.187386512756347656e-01
-1.677019834518432617e+00
1.198815703392028809e+00
2.732895314693450928e-01
-9.175036549568176270e-01
-1.821594595909118652e+00
-9.809104800224304199e-01
-6.237466260790824890e-02
-1.695375680923461914e+00
1.577339023351669312e-01
-2.671548724174499512e-01
-4.005501568317413330e-01
1.817619204521179199e-01
1.248205542564392090e+00
3.708662390708923340e-01
2.679650068283081055e+00
2.015817165374755859e-01
-1.273157358169555664e+00
5.648258924484252930e-01
-9.060516357421875000e-01
2.150820255279541016e+00
-9.304468035697937012e-01
1.036155939102172852e+00
1.539363026618957520e+00
-1.647635340690612793e+00
-6.357958316802978516e-01
-6.014716029167175293e-01
-5.020693540573120117e-01
1.022415161132812500e+00
1.303925037384033203e+00
-2.445954799652099609e+00
-1.640071868896484375e+00
7.118299603462219238e-01
2.114612817764282227e+00
-5.506169199943542480e-01
8.916204422712326050e-02
2.219988554716110229e-01
-2.681750953197479248e-01
3.374736309051513672e-01
-7.630491852760314941e-01
1.313541054725646973e+00
-9.669107198715209961e-02
-9.327473491430282593e-02
-4.749257564544677734e-01
1.341383457183837891e+00
1.069950461387634277e+00
6.181507110595703125e-01
-5.802547931671142578e-01
2.818272821605205536e-02
8.106902837753295898e-01
3.419542014598846436e-01
