-2.877177596092224121e-01
6.162393093109130859e-01
-4.812630712985992432e-01
-7.011697292327880859e-01
-1.612619906663894653e-01
6.415613889694213867e-01
3.174431920051574707e-01
-2.944625914096832275e-02
-6.181944608688354492e-01
1.208216905593872070e+00
2.300112694501876831e-01
3.151067197322845459e-01
-4.830249249935150146e-01
6.655866503715515137e-01
6.223626732826232910e-01
5.551586151123046875e-01
-2.088656187057495117e+00
-3.489215075969696045e-01
1.089335203170776367e+00
-9.403230994939804077e-02
5.271461009979248047e-01
-1.796773672103881836e-01
-7.997058033943176270e-01
-1.152365922927856445e+00
8.863112330436706543e-02
8.129322528839111328e-01
-1.314641684293746948e-01
-2.003511488437652588e-01
1.248685598373413086e+00
-1.119871139526367188e+00
-3.835895955562591553e-01
-5.370902419090270996e-01
-1.707559943199157715e+00
6.433761715888977051e-01
-2.004417777061462402e-02
-2.007318496704101562e+00
9.459587931632995605e-01
-1.013793468475341797e+00
-1.007939457893371582e+00
8.245161771774291992e-01
3.779259324073791504e-01
1.156469956040382385e-01
8.037318587303161621e-01
1.168522953987121582e+00
3.892680108547210693e-01
6.103112697601318359e-01
1.222685128450393677e-01
-8.710689544677734375e-01
-8.028268218040466309e-01
9.602016806602478027e-01
3.245177567005157471e-01
-1.831561028957366943e-01
-6.204072833061218262e-01
-1.361754536628723145e+00
-1.263063073158264160e+00
7.748381495475769043e-01
2.157213538885116577e-01
1.358931422233581543e+00
-9.702079296112060547e-01
-3.108904957771301270e-01
-7.978054881095886230e-01
-1.326853990554809570e+00
3.727734684944152832e-01
1.473070587962865829e-02
-5.066036581993103027e-01
1.312237501144409180e+00
1.657276630401611328e+00
1.130426406860351562e+00
4.604066312313079834e-01
7.366536855697631836e-01
3.494279086589813232e-01
4.946002960205078125e-01
4.874900281429290771e-01
1.317821502685546875e+00
1.462617754936218262e+00
-6.195778846740722656e-01
-1.885093301534652710e-01
-4.031340032815933228e-02
-3.363329768180847168e-01
3.859336078166961670e-01
-5.042699575424194336e-01
1.186185479164123535e-01
-8.920326232910156250e-01
1.046313881874084473e+00
-1.138529539108276367e+00
3.676802814006805420e-01
1.066302418708801270e+00
8.592912554740905762e-01
1.511721968650817871e+00
-6.354126334190368652e-01
1.889022886753082275e-01
-2.522164881229400635e-01
5.375643074512481689e-02
-9.397902488708496094e-01
-1.639123558998107910e-01
2.257033735513687134e-01
1.380875110626220703e+00
1.155437469482421875e+00
2.229734659194946289e+00
-6.666130423545837402e-01
7.537800669670104980e-01
-7.381173968315124512e-01
-4.562110453844070435e-02
8.752076327800750732e-02
-1.568886280059814453e+00
-1.400014907121658325e-01
4.676799178123474121e-01
-1.419876813888549805e+00
-1.349142432212829590e+00
5.369879603385925293e-01
-6.889396309852600098e-01
-9.254911541938781738e-01
-4.849250912666320801e-01
-1.368528753519058228e-01
1.104648634791374207e-01
1.024896621704101562e+00
-1.602515816688537598e+00
1.239480495452880859e+00
9.208002090454101562e-01
-1.084186807274818420e-01
-1.200664937496185303e-01
-4.198392629623413086e-01
1.264116883277893066e+00
1.027255177497863770e+00
2.494269758462905884e-01
-1.024265438318252563e-01
-1.853614747524261475e-01
-3.914607167243957520e-01
5.558749437332153320e-01
6.620302796363830566e-01
3.217779099941253662e-01
7.192174196243286133e-01
8.045194149017333984e-01
6.181444525718688965e-01
-2.139701098203659058e-01
-4.633256196975708008e-01
2.663587570190429688e+00
6.561189293861389160e-01
-1.431917697191238403e-01
-4.249048531055450439e-01
1.607616782188415527e+00
8.741462826728820801e-01
-2.390012741088867188e-01
7.612793445587158203e-01
5.523295402526855469e-01
5.050395131111145020e-01
-3.213449418544769287e-01
1.452147960662841797e+00
-7.633603215217590332e-01
-4.786766767501831055e-01
6.411527283489704132e-03
9.259844422340393066e-01
1.265573024749755859e+00
-2.352888107299804688e+00
9.835115671157836914e-01
-3.189537823200225830e-01
-6.477439403533935547e-01
1.673009157180786133e+00
-5.791540741920471191e-01
3.340494334697723389e-01
4.781641960144042969e-01
1.161139458417892456e-01
4.277681708335876465e-01
-1.141764879226684570e+00
-4.642023146152496338e-01
-2.426233440637588501e-01
5.795837044715881348e-01
6.508181989192962646e-02
2.233049124479293823e-01
4.979159832000732422e-01
-1.353204131126403809e+00
-5.087333917617797852e-01
6.070106029510498047e-01
2.724070847034454346e-01
9.637231230735778809e-01
7.998970150947570801e-01
8.716628886759281158e-03
-6.312401890754699707e-01
-1.153050899505615234e+00
1.332118630409240723e+00
1.022625088691711426e+00
1.008318066596984863e+00
9.223763942718505859e-01
2.004199743270874023e+00
4.857385065406560898e-03
-1.481242895126342773e+00
9.543393254280090332e-01
-7.563487887382507324e-01
1.582069993019104004e-01
1.218245148658752441e+00
-1.312063932418823242e+00
-7.589572668075561523e-01
4.889318346977233887e-01
-4.913569390773773193e-01
2.454752206802368164e+00
4.259921312332153320e-01
1.685664534568786621e+00
-9.030150771141052246e-01
4.739626348018646240e-01
3.719191253185272217e-01
-4.583437144756317139e-01
1.161594629287719727e+00
-7.933953404426574707e-01
-1.093475699424743652e+00
-8.649006485939025879e-01
-2.362103700637817383e+00
1.766485810279846191e+00
4.059477746486663818e-01
8.465229868888854980e-01
-4.690048992633819580e-01
-1.041605114936828613e+00
1.316586613655090332e+00
6.517018079757690430e-01
-6.844689249992370605e-01
-3.917288780212402344e-01
1.099721074104309082e+00
5.199272036552429199e-01
9.849169850349426270e-01
3.014951944351196289e-01
5.643661618232727051e-01
1.016726016998291016e+00
1.391895055770874023e+00
-8.913750760257244110e-03
-1.066236734390258789e+00
6.434483081102371216e-02
2.138454437255859375e+00
7.765587419271469116e-02
9.402133226394653320e-01
8.338941261172294617e-03
-1.193606853485107422e+00
4.599916934967041016e-01
-4.399521648883819580e-01
-1.345530390739440918e+00
4.331921339035034180e-01
-1.546073198318481445e+00
6.555631160736083984e-01
3.009222447872161865e-01
-1.187870025634765625e+00
3.421900868415832520e-01
1.026873826980590820e+00
-7.601888179779052734e-01
-8.907373994588851929e-02
-2.333263158798217773e-01
-6.469352245330810547e-01
1.848830580711364746e-01
1.416402935981750488e+00
-3.747965991497039795e-01
-5.605807304382324219e-01
-1.087930202484130859e+00
1.301102638244628906e+00
-7.563688755035400391e-01
-7.284477949142456055e-01
9.059590697288513184e-01
2.939130663871765137e-01
1.756381511688232422e+00
-3.670456707477569580e-01
-7.956569790840148926e-01
-9.038810729980468750e-01
2.865394204854965210e-02
-9.487752318382263184e-01
1.788060218095779419e-01
-1.488477706909179688e+00
4.242838025093078613e-01
-5.272573605179786682e-02
-2.104810237884521484e+00
-4.148682951927185059e-01
4.547870457172393799e-01
8.762022852897644043e-01
-2.439728230237960815e-01
-1.565750688314437866e-01
-1.857084512710571289e+00
1.342576146125793457e-01
-8.286384344100952148e-01
-1.083430767059326172e+00
-1.153181433677673340e+00
-5.554380416870117188e-01
-5.131646394729614258e-01
5.156721472740173340e-01
-6.934269070625305176e-01
6.155886650085449219e-01
-6.090999841690063477e-01
-7.800028920173645020e-01
-1.435327410697937012e+00
8.023232817649841309e-01
1.453864812850952148e+00
-1.602000594139099121e+00
-6.069909930229187012e-01
-1.175627946853637695e+00
9.482161402702331543e-01
-4.997847378253936768e-01
-4.108764231204986572e-01
-4.770202934741973877e-01
3.428082168102264404e-01
-2.496121406555175781e+00
2.637571692466735840e-01
-1.074210852384567261e-01
1.588856577873229980e+00
-6.613522768020629883e-01
6.884471774101257324e-01
3.471217751502990723e-01
-1.555120646953582764e-01
2.490532696247100830e-01
-6.644419431686401367e-01
-1.174232959747314453e-01
-4.754694104194641113e-01
-1.079044938087463379e+00
-3.732835054397583008e-01
-1.443742215633392334e-01
-2.451627731323242188e+00
1.182316422462463379e+00
9.969408512115478516e-01
-6.164314746856689453e-01
2.685167193412780762e-01
-1.406381130218505859e+00
-2.044346742331981659e-02
-1.149743795394897461e-01
1.130357086658477783e-01
6.637078523635864258e-01
6.388930082321166992e-01
1.305379271507263184e+00
8.522219210863113403e-02
-7.260456681251525879e-02
6.216809749603271484e-01
-2.496537268161773682e-01
4.970328882336616516e-03
-2.290853410959243774e-01
5.828228592872619629e-01
-1.774567365646362305e-01
-2.166944593191146851e-01
2.546426057815551758e-01
3.500182926654815674e-01
8.779261708259582520e-01
-2.975657582283020020e-01
-1.979308426380157471e-01
7.788207530975341797e-01
-6.183241009712219238e-01
-1.162644252181053162e-01
-7.154313921928405762e-01
-1.883610635995864868e-01
7.231768369674682617e-01
-3.785898685455322266e-01
-8.877430558204650879e-01
9.631431102752685547e-01
4.434527754783630371e-01
6.134840846061706543e-01
-6.320557594299316406e-01
1.096788644790649414e-01
-3.286149501800537109e-01
-1.098480939865112305e+00
1.342443943023681641e+00
-1.043473720550537109e+00
-4.785113632678985596e-01
8.929388225078582764e-02
1.189362645149230957e+00
2.717565596103668213e-01
-1.443173885345458984e+00
-4.751459360122680664e-01
2.964034974575042725e-01
1.893599629402160645e+00
1.510108411312103271e-01
1.133100986480712891e+00
5.378237366676330566e-01
4.242748320102691650e-01
5.798413753509521484e-01
3.979805409908294678e-01
1.080180644989013672e+00
4.207640886306762695e-01
-8.714971542358398438e-01
2.067481726408004761e-01
-1.497469663619995117e+00
1.259150743484497070e+00
-1.111861705780029297e+00
-1.101900696754455566e+00
2.145967483520507812e+00
6.712280511856079102e-01
3.317032754421234131e-01
-2.197733402252197266e+00
-1.028208851814270020e+00
-4.508841335773468018e-01
-5.203892588615417480e-01
-1.188988447189331055e+00
6.481025815010070801e-01
7.233646512031555176e-01
4.506128132343292236e-01
6.370538473129272461e-01
-2.019914984703063965e-01
4.077233970165252686e-01
-6.417878270149230957e-01
1.302273124456405640e-01
1.123327761888504028e-03
-6.129607558250427246e-01
-4.228672981262207031e-01
6.298454403877258301e-01
1.878259181976318359e+00
-4.810074865818023682e-01
1.499410718679428101e-01
-6.915840506553649902e-01
3.076300919055938721e-01
-8.234464526176452637e-01
3.762606978416442871e-01
-4.950215816497802734e-01
7.405773997306823730e-01
7.865163087844848633e-01
-1.654896497726440430e+00
8.961707949638366699e-01
-9.799438714981079102e-01
2.144938260316848755e-01
-1.150525733828544617e-01
-2.436856180429458618e-01
-1.077516674995422363e+00
-3.082363605499267578e-01
-1.603958457708358765e-01
4.130855500698089600e-01
-1.871138811111450195e+00
-8.257791996002197266e-01
4.267897605895996094e-01
-1.165771484375000000e+00
8.552873730659484863e-01
4.543088376522064209e-01
-3.958434239029884338e-02
1.690817713737487793e+00
6.782062649726867676e-01
-1.277974963188171387e+00
1.117645144462585449e+00
-1.163602352142333984e+00
-8.668219298124313354e-02
1.300678730010986328e+00
-1.105066776275634766e+00
-7.591112852096557617e-01
-1.155913710594177246e+00
-3.742677569389343262e-01
-8.668234944343566895e-01
-2.213880419731140137e-01
6.524433493614196777e-01
-6.046122312545776367e-01
-1.343720704317092896e-01
2.251152694225311279e-01
3.646106004714965820e+00
-1.130028367042541504e+00
-8.468223214149475098e-01
1.960333436727523804e-01
1.737488031387329102e+00
-1.402856826782226562e+00
-7.016217708587646484e-01
-1.231129646301269531e+00
-6.877798438072204590e-01
1.312523335218429565e-01
2.157515585422515869e-01
5.599853992462158203e-01
3.491456210613250732e-01
-1.219859004020690918e+00
1.121833682060241699e+00
9.776224493980407715e-01
-5.007028579711914062e-01
1.159627795219421387e+00
5.268434286117553711e-01
1.009286880493164062e+00
-4.057955443859100342e-01
-1.330444693565368652e+00
-1.324706792831420898e+00
-5.180434882640838623e-02
8.366736769676208496e-01
-1.081952750682830811e-01
-7.006039619445800781e-01
7.079189419746398926e-01
1.916758716106414795e-01
2.246208339929580688e-01
1.181187272071838379e+00
3.841652870178222656e-01
-4.771877825260162354e-01
-8.179469704627990723e-01
6.700397133827209473e-01
-2.218005806207656860e-01
1.697748601436614990e-01
5.224072933197021484e-01
-9.342007637023925781e-01
3.065030574798583984e-01
-9.947598576545715332e-01
-1.485286355018615723e+00
8.750677704811096191e-01
8.864694833755493164e-01
-7.070868611335754395e-01
1.579527556896209717e-01
-5.824595093727111816e-01
-1.223715543746948242e+00
-2.568688094615936279e-01
-6.691083312034606934e-01
3.218772634863853455e-02
3.077829182147979736e-01
-4.037462919950485229e-02
-1.169532537460327148e+00
1.413828611373901367e+00
-7.509981989860534668e-01
-6.486135721206665039e-01
4.129014536738395691e-02
-1.311737060546875000e+00
1.416976332664489746e+00
-8.526020050048828125e-01
-9.267179965972900391e-01
1.236618995666503906e+00
1.110465764999389648e+00
-1.635561287403106689e-01
8.869390934705734253e-03
3.985660374164581299e-01
1.751805663108825684e+00
-9.045814871788024902e-01
-2.182624578475952148e+00
1.468550264835357666e-01
9.260765314102172852e-01
-3.494251966476440430e-01
-3.404949009418487549e-01
3.162010312080383301e-01
-6.001433730125427246e-01
5.459449887275695801e-01
-2.026691913604736328e+00
-1.422757506370544434e+00
-4.049523174762725830e-01
1.686852872371673584e-01
1.181153416633605957e+00
-1.231765747070312500e-01
7.867973446846008301e-01
7.141164690256118774e-02
6.507171392440795898e-01
-4.436354339122772217e-01
-4.749870300292968750e-01
2.183955907821655273e-01
5.861072540283203125e-01
1.340693712234497070e+00
2.472857534885406494e-01
1.338314771652221680e+00
1.229124426841735840e+00
1.095301628112792969e+00
1.402363777160644531e+00
-1.277303099632263184e-01
-9.735144376754760742e-01
7.630944252014160156e-01
4.973253011703491211e-01
-1.023158907890319824e+00
9.499419927597045898e-01
6.437293887138366699e-01
7.787374854087829590e-01
3.405150473117828369e-01
-3.044821619987487793e-01
1.314627408981323242e+00
2.802032828330993652e-01
-1.357939004898071289e+00
1.024362802505493164e+00
-4.680020213127136230e-01
9.737678170204162598e-01
-6.465535163879394531e-01
-5.980862975120544434e-01
-8.041235208511352539e-01
-2.055882364511489868e-01
-9.931593537330627441e-01
-2.083136588335037231e-01
3.513763248920440674e-01
1.523300647735595703e+00
1.948081254959106445e+00
-1.284688711166381836e+00
3.267635405063629150e-01
-5.424208641052246094e-01
-1.703466176986694336e+00
-9.272859692573547363e-01
-3.243745118379592896e-02
3.328243196010589600e-01
8.979620039463043213e-02
2.430138587951660156e+00
-6.664298772811889648e-01
-6.919944286346435547e-01
-1.106761217117309570e+00
3.310334384441375732e-01
1.495236754417419434e+00
1.415093243122100830e-01
-3.574203252792358398e-01
-1.193632245063781738e+00
-1.071680307388305664e+00
-1.652360677719116211e+00
-4.705111086368560791e-01
6.228014826774597168e-01
-8.330985307693481445e-01
4.594679772853851318e-01
3.041282296180725098e-01
-7.155941724777221680e-01
2.129033058881759644e-01
3.653116822242736816e-01
1.219927430152893066e+00
4.589801132678985596e-01
-2.258601933717727661e-01
4.258633255958557129e-01
6.259205937385559082e-02
1.890452206134796143e-01
1.187914013862609863e+00
1.596927791833877563e-01
-7.756225019693374634e-02
1.494374275207519531e-01
2.599963545799255371e-01
1.087227016687393188e-01
-3.109161853790283203e-01
2.322825491428375244e-01
-8.471208214759826660e-01
3.405946791172027588e-01
-5.897326469421386719e-01
-1.857488751411437988e-01
-1.916039884090423584e-01
4.883649051189422607e-01
-1.199528053402900696e-01
-1.036782979965209961e+00
9.359647631645202637e-01
4.127986133098602295e-01
1.681210845708847046e-01
1.917289569973945618e-03
8.225970864295959473e-01
-1.166781067848205566e+00
-6.965182423591613770e-01
-1.184004545211791992e+00
-2.022631168365478516e+00
-6.860765218734741211e-01
2.218852639198303223e-01
1.326430916786193848e+00
-8.413103222846984863e-01
4.139763414859771729e-01
-2.470478415489196777e-01
1.300706505775451660e+00
-3.880082070827484131e-01
-1.365669012069702148e+00
9.769852757453918457e-01
5.832376480102539062e-01
-7.753813862800598145e-01
4.760570824146270752e-01
-5.518003702163696289e-01
-4.306241571903228760e-01
-5.348041653633117676e-01
-5.636670589447021484e-01
-1.792364597320556641e+00
-2.132750749588012695e-01
-7.775541394948959351e-02
-1.283537268638610840e+00
-7.415054738521575928e-02
1.114510893821716309e+00
-9.963083267211914062e-01
2.774202525615692139e-01
7.562972307205200195e-01
-3.902242779731750488e-01
-6.017861962318420410e-01
3.445779085159301758e-01
-6.262782812118530273e-01
7.759573459625244141e-01
9.650183916091918945e-01
1.524306774139404297e+00
4.820928275585174561e-01
3.101950585842132568e-01
8.548203706741333008e-01
-5.690428614616394043e-01
4.975402951240539551e-01
-1.425748944282531738e+00
-5.868304288014769554e-04
-1.622812449932098389e-02
7.692441940307617188e-01
3.817126899957656860e-02
7.218428254127502441e-01
-5.666275694966316223e-02
1.449968934059143066e+00
-1.449438929557800293e-01
-1.885147333145141602e+00
-5.025674700736999512e-01
-3.184550106525421143e-01
-5.171891450881958008e-01
-4.644145369529724121e-01
-6.361577510833740234e-01
-5.503108501434326172e-01
1.314172744750976562e+00
-2.155442088842391968e-01
-8.857592195272445679e-02
6.598370671272277832e-01
9.046532511711120605e-01
-2.146696113049983978e-02
-2.016059160232543945e+00
2.728292942047119141e-01
-1.041269540786743164e+00
1.543088436126708984e+00
4.108764827251434326e-01
2.213003784418106079e-01
3.416027724742889404e-01
-1.363854527473449707e+00
-4.177996218204498291e-01
-8.306343555450439453e-01
2.216704130172729492e+00
4.057660400867462158e-01
5.428189635276794434e-01
4.636966288089752197e-01
-8.442172408103942871e-02
-2.132207453250885010e-01
-8.514280319213867188e-01
-5.769859552383422852e-01
1.261649131774902344e-01
-1.151266694068908691e+00
2.232286930084228516e+00
-6.302492618560791016e-01
-1.093419671058654785e+00
-1.271193265914916992e+00
2.398396253585815430e+00
-1.316934347152709961e+00
-7.416085600852966309e-01
1.054526567459106445e+00
-1.660490781068801880e-01
1.401758790016174316e+00
7.773810625076293945e-01
-7.030059695243835449e-01
1.320763111114501953e+00
-2.262461036443710327e-01
1.958954632282257080e-01
-7.085266709327697754e-01
4.221588000655174255e-02
-3.215415477752685547e-01
9.573510885238647461e-01
1.731298804283142090e+00
-1.497197598218917847e-01
9.510051012039184570e-01
6.119372844696044922e-01
-1.239563584327697754e+00
-7.041628360748291016e-01
3.352454304695129395e-01
-6.276590228080749512e-01
-2.466570138931274414e-01
5.836642980575561523e-01
-1.019268155097961426e+00
-5.232338309288024902e-01
7.632467150688171387e-01
-1.702712774276733398e-01
1.733712553977966309e+00
-7.662906646728515625e-01
1.579754710197448730e+00
-2.905610501766204834e-01
-3.165930509567260742e-01
-2.142441570758819580e-01
-5.951008200645446777e-01
2.667634785175323486e-01
-1.359756350517272949e+00
5.177649259567260742e-01
-9.265325069427490234e-01
6.822931021451950073e-02
1.137939929962158203e+00
-1.757980138063430786e-01
-1.245058417320251465e+00
1.143031597137451172e+00
-1.423174977302551270e+00
-5.870714783668518066e-01
-5.098994374275207520e-01
-5.482481047511100769e-02
4.457936882972717285e-01
-1.533502101898193359e+00
5.938301086425781250e-01
-2.109435558319091797e+00
1.383401513099670410e+00
-1.611574649810791016e+00
-8.913952708244323730e-01
-1.353753447532653809e+00
-1.828016787767410278e-01
-3.685840964317321777e-01
1.576609134674072266e+00
-4.318979680538177490e-01
9.211636781692504883e-01
-7.222683727741241455e-02
1.589942336082458496e+00
-5.457032322883605957e-01
1.738606572151184082e+00
-3.814941048622131348e-01
-2.274391949176788330e-01
1.128727555274963379e+00
1.155047059059143066e+00
6.449396610260009766e-01
-6.563326120376586914e-01
2.391372108832001686e-04
9.468008279800415039e-01
5.667443275451660156e-01
-6.041557192802429199e-01
-1.469698846340179443e-01
8.597300052642822266e-01
1.063316017389297485e-01
1.313926875591278076e-01
9.934952259063720703e-01
-1.408733844757080078e+00
-1.122237205505371094e+00
-1.254665732383728027e+00
-1.654126882553100586e+00
6.080256700515747070e-01
9.122159481048583984e-01
6.609531641006469727e-01
-1.079372048377990723e+00
-1.832264423370361328e+00
1.408757567405700684e+00
-1.101881742477416992e+00
-4.867228865623474121e-01
1.255783796310424805e+00
1.547299385070800781e+00
5.720032379031181335e-02
-2.843366384506225586e+00
-1.041236162185668945e+00
-1.220475077629089355e+00
-1.966629773378372192e-01
1.800871491432189941e-01
-1.262555003166198730e+00
-7.435545325279235840e-01
9.296070784330368042e-02
3.337197005748748779e-01
8.423052430152893066e-01
3.134157359600067139e-01
2.406970262527465820e-01
-1.204336047172546387e+00
-5.245687365531921387e-01
3.930457308888435364e-02
-6.323046982288360596e-02
-9.284524321556091309e-01
1.152583479881286621e+00
5.520421862602233887e-01
-4.169402718544006348e-01
5.946311354637145996e-01
-7.389425635337829590e-01
3.028025925159454346e-01
-2.045752555131912231e-01
-2.627748727798461914e+00
-1.257778286933898926e+00
1.000294089317321777e+00
-2.745926082134246826e-01
8.123570084571838379e-01
9.921721816062927246e-01
-7.551935315132141113e-01
-3.995703756809234619e-01
-7.091506123542785645e-01
4.847452342510223389e-01
-3.302431404590606689e-01
1.085726618766784668e+00
8.163191378116607666e-02
-5.814784765243530273e-01
-1.080525398254394531e+00
2.048837184906005859e+00
9.591017365455627441e-01
2.470968484878540039e+00
1.099609494209289551e+00
-2.987620234489440918e-01
-3.529377281665802002e-01
1.014972686767578125e+00
-1.494964599609375000e+00
4.618863165378570557e-01
-1.864884376525878906e+00
-8.071219921112060547e-01
6.734316349029541016e-01
-6.224722266197204590e-01
-8.255557417869567871e-01
-3.860773146152496338e-01
-5.762863755226135254e-01
5.025417804718017578e-01
2.153338491916656494e-02
8.073436021804809570e-01
1.126749068498611450e-01
-1.598581969738006592e-01
-1.324102997779846191e+00
5.449345707893371582e-01
-5.778056979179382324e-01
-9.210198521614074707e-01
-6.476996541023254395e-01
-1.166845917701721191e+00
2.267756611108779907e-01
-7.021622061729431152e-01
-1.338297843933105469e+00
1.517849802970886230e+00
-6.896266341209411621e-01
4.390304908156394958e-02
-1.355572342872619629e+00
-2.216416001319885254e-01
6.467856001108884811e-03
-6.465467810630798340e-01
-6.291051954030990601e-02
-1.131790637969970703e+00
1.155429244041442871e+00
-1.466704726219177246e+00
3.892912268638610840e-01
-1.225957393646240234e+00
1.717761874198913574e+00
-1.633976250886917114e-01
-9.766857028007507324e-01
8.373898267745971680e-01
-2.695208787918090820e-01
3.896507918834686279e-01
3.195353150367736816e-01
-1.362642198801040649e-01
-7.832806110382080078e-01
-9.876796007156372070e-01
1.768486380577087402e+00
1.093173265457153320e+00
-3.434411883354187012e-01
6.263514757156372070e-01
6.395871043205261230e-01
-5.985605120658874512e-01
-5.518641322851181030e-02
-3.102549612522125244e-01
1.013625741004943848e+00
-1.069782614707946777e+00
2.764021456241607666e-01
-6.929565668106079102e-01
-4.185290038585662842e-01
-1.095765113830566406e+00
5.839899778366088867e-01
-1.093230724334716797e+00
2.842605113983154297e-01
-4.224829971790313721e-01
-6.217149496078491211e-01
3.083321079611778259e-02
-2.955555021762847900e-01
7.601596117019653320e-01
-1.245205163955688477e+00
-9.487959146499633789e-01
-3.495924770832061768e-01
1.772039383649826050e-01
1.142317295074462891e+00
-1.122613668441772461e+00
2.002324104309082031e+00
-1.464491963386535645e+00
1.187918782234191895e-01
4.113241136074066162e-01
-6.794132590293884277e-01
-9.185557365417480469e-01
-1.278236150741577148e+00
-5.639440417289733887e-01
3.472814857959747314e-01
-5.418388843536376953e-01
2.601066417992115021e-02
-4.186082482337951660e-01
1.044250011444091797e+00
6.399494409561157227e-01
7.115406394004821777e-01
-1.249514147639274597e-01
-1.191051959991455078e+00
1.087297201156616211e+00
-8.100512623786926270e-01
1.308521389961242676e+00
3.070560693740844727e-01
-7.918913960456848145e-01
5.156444013118743896e-02
-6.065140962600708008e-01
3.087996505200862885e-02
8.558484315872192383e-01
6.017306447029113770e-01
-7.409279346466064453e-01
-1.382485628128051758e+00
-1.039155960083007812e+00
-3.304297029972076416e-01
1.799144744873046875e-01
-1.826094985008239746e+00
-2.390620261430740356e-01
2.532050311565399170e-01
-1.455803751945495605e+00
4.034864902496337891e-01
-1.406095147132873535e+00
1.110975965857505798e-01
3.639756739139556885e-01
-8.460952043533325195e-01
9.747322201728820801e-01
1.075542330741882324e+00
-6.462140008807182312e-03
7.407537102699279785e-01
-3.250405490398406982e-01
5.719499588012695312e-01
1.547494649887084961e+00
-5.113208293914794922e-01
-1.252921111881732941e-02
7.907764986157417297e-03
3.623557686805725098e-01
-6.766415238380432129e-01
3.019075393676757812e-01
6.644625216722488403e-02
1.480302453041076660e+00
9.825285673141479492e-01
-9.883074760437011719e-01
5.623377561569213867e-01
3.558556437492370605e-01
1.250746697187423706e-01
-9.406312108039855957e-01
2.572536468505859375e-01
-6.915617585182189941e-01
-1.725974678993225098e+00
-4.745963811874389648e-01
-3.335224092006683350e-02
-1.347303390502929688e-01
2.052675247192382812e+00
1.065793514251708984e+00
-8.621436953544616699e-01
-2.955189645290374756e-01
-1.313140988349914551e-01
-1.488353312015533447e-01
-7.205443978309631348e-01
-1.555196404457092285e+00
1.355093955993652344e+00
-1.048090815544128418e+00
-4.384218156337738037e-01
1.200102806091308594e+00
1.629678130149841309e+00
-2.862940430641174316e-01
-7.811731696128845215e-01
-9.569764733314514160e-01
