-1.555993199348449707e+00
-1.427946984767913818e-01
5.969656705856323242e-01
-2.255558967590332031e-01
-4.451099038124084473e-01
1.241351246833801270e+00
-1.204352855682373047e+00
-2.036701515316963196e-02
-1.583633303642272949e+00
-6.844086050987243652e-01
1.163871511816978455e-01
8.454819917678833008e-01
-1.189199805259704590e+00
-1.137580871582031250e+00
1.926009774208068848e+00
-5.908708572387695312e-01
1.110018968582153320e+00
-8.460521697998046875e-01
8.407438546419143677e-02
-6.831083297729492188e-01
-5.349043011665344238e-01
-1.345024943351745605e+00
-1.915465891361236572e-01
-8.428290486335754395e-01
-1.179371953010559082e+00
-1.896405518054962158e-01
1.526898503303527832e+00
1.160701274871826172e+00
-1.575348973274230957e+00
-1.451614033430814743e-02
1.154977917671203613e+00
-5.504238009452819824e-01
1.851633548736572266e+00
-7.220373153686523438e-01
6.060853004455566406e-01
-1.280088186264038086e+00
1.235723495483398438e+00
4.641729295253753662e-01
1.510470747947692871e+00
-6.751466989517211914e-01
1.514156628400087357e-02
-1.815796017646789551e+00
3.636470437049865723e-01
1.644472360610961914e+00
-1.689451485872268677e-01
-5.465407967567443848e-01
-1.937165856361389160e-01
-2.587346732616424561e-01
1.543199270963668823e-01
8.016738295555114746e-01
-4.312007427215576172e-01
1.323707938194274902e+00
-6.804919838905334473e-01
1.142052650451660156e+00
-5.057079195976257324e-01
-2.908816039562225342e-01
8.685513138771057129e-01
-6.660192012786865234e-01
-1.002692461013793945e+00
1.160519361495971680e+00
-7.514535188674926758e-01
-3.388555347919464111e-01
-1.192733421921730042e-01
-2.084876298904418945e+00
-5.256120562553405762e-01
3.376395702362060547e-01
1.059328556060791016e+00
-1.329438090324401855e-01
9.161090850830078125e-01
-1.156001448631286621e+00
-4.937346577644348145e-01
-3.764826357364654541e-01
-1.182763814926147461e+00
-3.193307816982269287e-01
1.659031957387924194e-01
-7.427751421928405762e-01
4.818070828914642334e-01
9.979647397994995117e-01
6.858850717544555664e-01
1.449449181556701660e+00
1.020874381065368652e+00
-1.753885269165039062e+00
1.351878643035888672e+00
3.843588232994079590e-01
-3.229257464408874512e-01
1.778424501419067383e+00
-4.204761683940887451e-01
4.716962873935699463e-01
-1.073110938072204590e+00
7.193073630332946777e-01
-8.079008460044860840e-01
8.115916252136230469e-01
-2.214387804269790649e-01
8.355248570442199707e-01
-1.429474115371704102e+00
-1.625052839517593384e-01
-5.815923810005187988e-01
-8.777897953987121582e-01
-7.168417423963546753e-02
1.971037387847900391e+00
-2.703914642333984375e-01
5.619708895683288574e-01
9.817616939544677734e-01
-5.671573877334594727e-01
-2.521707415580749512e-01
-3.436080217361450195e-01
-5.977891087532043457e-01
-1.763704299926757812e+00
-2.254933714866638184e-01
5.590454936027526855e-01
-1.188484787940979004e+00
-4.712142348289489746e-01
5.107632875442504883e-01
-5.539869517087936401e-02
-4.772815480828285217e-02
-5.968481302261352539e-03
-6.095966100692749023e-01
7.368658185005187988e-01
7.397239804267883301e-01
-1.400254607200622559e+00
-1.723790287971496582e+00
-4.449481368064880371e-01
1.749605238437652588e-01
-4.852752983570098877e-01
-1.070021271705627441e+00
-1.515312343835830688e-01
-5.072184801101684570e-01
4.788879156112670898e-01
-9.030684828758239746e-01
-6.910631656646728516e-01
1.525263786315917969e-01
-7.072019577026367188e-01
-1.143813967704772949e+00
-9.288793802261352539e-01
-1.366843461990356445e+00
9.408690333366394043e-01
7.177672982215881348e-01
-6.638276576995849609e-01
-1.118551373481750488e+00
1.367867112159729004e+00
1.145094990730285645e+00
-1.938502788543701172e-01
1.358072280883789062e+00
6.034634113311767578e-01
5.263815522193908691e-01
-1.408717632293701172e+00
-8.587511181831359863e-01
-1.014013737440109253e-01
-8.355611562728881836e-01
-4.268039464950561523e-01
7.731406092643737793e-01
3.628488183021545410e-01
3.418602347373962402e-01
-6.420031189918518066e-01
-1.910288453102111816e+00
-4.526441097259521484e-01
-1.248391032218933105e+00
-1.059686779975891113e+00
-3.938128054141998291e-01
5.247510671615600586e-01
6.100658178329467773e-01
1.636734485626220703e+00
-5.031385272741317749e-02
-7.967316508293151855e-01
-8.800243139266967773e-01
1.636529713869094849e-01
-6.003547310829162598e-01
9.983452558517456055e-01
7.189723253250122070e-01
-4.286347329616546631e-01
1.002419143915176392e-01
-1.237151548266410828e-01
8.476746268570423126e-03
-1.353061646223068237e-01
1.245966330170631409e-01
5.318823456764221191e-01
-2.355107963085174561e-01
-7.785627841949462891e-01
-2.191675305366516113e-01
-1.631136536598205566e+00
-3.384939432144165039e-01
2.063397169113159180e+00
1.288001656532287598e+00
1.149750113487243652e+00
3.570043444633483887e-01
4.450021311640739441e-02
6.094008684158325195e-01
-1.932330727577209473e-01
-1.586789011955261230e+00
1.086737275123596191e+00
-2.321870923042297363e-01
-8.737953305244445801e-01
2.582171857357025146e-01
6.841372251510620117e-01
-1.515805721282958984e-01
6.420254707336425781e-02
-1.388182878494262695e+00
1.101312637329101562e+00
-5.274029374122619629e-01
-5.199213027954101562e-01
-1.527835845947265625e+00
-9.603275060653686523e-01
-6.387957930564880371e-01
-1.863598525524139404e-01
-7.896600365638732910e-01
-2.197166085243225098e-01
-4.681280255317687988e-01
2.401098012924194336e-01
-3.356620371341705322e-01
-2.184108495712280273e-01
-1.922969698905944824e+00
3.138202428817749023e-01
-4.969824478030204773e-02
-1.770123720169067383e+00
5.085865855216979980e-01
1.648021489381790161e-01
-5.830149054527282715e-01
-1.356461167335510254e+00
-9.623772501945495605e-01
1.049693346023559570e+00
-5.860768556594848633e-01
1.181807279586791992e+00
-2.777324318885803223e-01
-1.070065617561340332e+00
5.718351006507873535e-01
1.291355967521667480e+00
-2.962900400161743164e-01
8.354437351226806641e-01
1.099039673805236816e+00
-3.206226825714111328e-01
1.188459038734436035e+00
8.349041938781738281e-01
-1.002308800816535950e-01
-7.641966342926025391e-01
6.493359338492155075e-03
-6.704147458076477051e-01
-1.885852694511413574e+00
1.201122300699353218e-03
-1.298188805580139160e+00
-7.824365496635437012e-01
-1.627706408500671387e+00
6.981103420257568359e-01
-1.428935050964355469e+00
4.885727763175964355e-01
-8.567808270454406738e-01
-3.520750626921653748e-02
3.014059960842132568e-01
-3.823246434330940247e-02
4.835817515850067139e-01
-1.907715320587158203e+00
2.928003855049610138e-02
1.225222826004028320e+00
5.582078099250793457e-01
2.318086773157119751e-01
-1.687349557876586914e+00
-7.374705672264099121e-01
7.298863679170608521e-02
3.399931266903877258e-02
-1.760308504104614258e+00
6.197659969329833984e-01
4.452623128890991211e-01
-9.604634642601013184e-01
-7.113777995109558105e-01
1.406800627708435059e+00
-9.635163545608520508e-01
2.413575798273086548e-01
1.300184130668640137e+00
5.715770125389099121e-01
4.645584523677825928e-01
1.310716629028320312e+00
1.828963309526443481e-01
-3.176642954349517822e-01
-6.630512326955795288e-02
1.316087007522583008e+00
3.264347910881042480e-01
-9.655046463012695312e-01
-1.059734895825386047e-01
-1.229890823364257812e+00
-5.761101841926574707e-02
2.225846946239471436e-01
-5.738337039947509766e-01
-5.172450542449951172e-01
8.637973666191101074e-02
9.031417965888977051e-01
1.010646939277648926e+00
-9.738611578941345215e-01
6.025885939598083496e-01
2.893925309181213379e-01
-2.732681930065155029e-01
-1.108546853065490723e+00
9.593416750431060791e-02
-4.477602839469909668e-01
1.254990458488464355e+00
7.035023570060729980e-01
-1.310316443443298340e+00
8.155820965766906738e-01
4.609121382236480713e-01
2.732227563858032227e+00
3.590585291385650635e-02
-8.066964745521545410e-01
2.371522337198257446e-01
1.860088557004928589e-01
4.994950443506240845e-02
-1.833968281745910645e+00
1.419307947158813477e+00
2.979295551776885986e-01
7.753666043281555176e-01
-1.481696128845214844e+00
3.140076249837875366e-02
8.555592298507690430e-01
8.879162073135375977e-01
-6.258354187011718750e-01
-1.446560859680175781e+00
-6.021557450294494629e-01
-7.782802730798721313e-02
5.252679809927940369e-02
-1.805070191621780396e-01
8.964267969131469727e-01
-1.250775694847106934e+00
-8.327635526657104492e-01
-7.288385927677154541e-02
-5.617624521255493164e-01
1.316155672073364258e+00
-6.101269721984863281e-01
-9.323601722717285156e-01
-2.284553050994873047e+00
-7.430356144905090332e-01
5.900414586067199707e-01
-6.806653141975402832e-01
5.958395600318908691e-01
1.826296806335449219e+00
4.171839654445648193e-01
-4.828998446464538574e-01
-4.889692068099975586e-01
-3.958138450980186462e-02
-3.888424038887023926e-01
1.406932711601257324e+00
6.206950545310974121e-01
-2.634150087833404541e-01
-4.690347611904144287e-01
1.421095490455627441e+00
1.455580145120620728e-01
1.273233056068420410e+00
-2.713913917541503906e-01
-1.004605174064636230e+00
3.467149436473846436e-01
-2.344221830368041992e+00
-1.326548814773559570e+00
-1.577180325984954834e-01
-1.678968071937561035e+00
-1.197968959808349609e+00
3.476921916007995605e-01
-6.729192137718200684e-01
-1.446569114923477173e-01
7.598240375518798828e-01
-1.171502843499183655e-01
5.086120963096618652e-01
6.282923221588134766e-01
-1.776923656463623047e+00
-4.321931302547454834e-01
3.193311691284179688e-01
-6.769528388977050781e-01
-8.046630024909973145e-01
-1.519087795168161392e-02
-5.480242371559143066e-01
8.344158530235290527e-01
-1.122270941734313965e+00
-8.416128158569335938e-01
4.908860102295875549e-02
1.433503508567810059e+00
1.711073517799377441e-02
-6.582031250000000000e-01
-4.397380352020263672e-01
1.459860086441040039e+00
9.581968784332275391e-01
-2.449078708887100220e-01
-6.719827055931091309e-01
-1.924070566892623901e-01
-1.028008103370666504e+00
2.849751897156238556e-02
6.161994934082031250e-01
1.704323440790176392e-01
-4.700555503368377686e-01
2.463195174932479858e-01
-4.493366181850433350e-02
-1.419350862503051758e+00
6.913733482360839844e-01
1.940604209899902344e+00
-2.281575053930282593e-01
-7.675265073776245117e-01
-1.361092686653137207e+00
3.529264330863952637e-01
-6.107388138771057129e-01
4.072104394435882568e-01
1.389629393815994263e-01
1.934380650520324707e+00
3.217052519321441650e-01
-2.593795657157897949e-01
-8.154230117797851562e-01
3.539068698883056641e-01
-8.566526323556900024e-02
-1.702374368906021118e-01
-4.465555548667907715e-01
-6.027727723121643066e-01
9.806952476501464844e-01
6.583047509193420410e-01
1.335816532373428345e-01
1.443202972412109375e+00
-6.862939596176147461e-01
5.641192793846130371e-01
-3.792487084865570068e-01
-1.296134710311889648e+00
-1.059370517730712891e+00
-4.305447638034820557e-01
1.154783844947814941e+00
-5.423705577850341797e-01
7.049778103828430176e-01
6.378401815891265869e-02
6.113935112953186035e-01
1.661885976791381836e+00
-1.686241269111633301e+00
-6.480414867401123047e-01
4.281267896294593811e-02
-8.150509595870971680e-01
1.923132687807083130e-01
-3.272773325443267822e-01
-1.203552842140197754e+00
1.379849672317504883e+00
-3.408632576465606689e-01
-6.974701881408691406e-01
5.832061767578125000e-01
-3.309801593422889709e-02
-6.123750209808349609e-01
-5.989696979522705078e-01
-3.639200329780578613e-01
-8.625045418739318848e-01
1.085577249526977539e+00
8.516949415206909180e-01
2.794936597347259521e-01
-5.378514528274536133e-01
1.136286258697509766e+00
4.502978175878524780e-02
7.641454339027404785e-01
-1.471382498741149902e+00
1.738199234008789062e+00
-4.412396848201751709e-01
-3.939922153949737549e-01
-1.308568954467773438e+00
-1.308785557746887207e+00
8.064631372690200806e-02
-1.181019172072410583e-01
-3.059819221496582031e+00
6.422157287597656250e-01
1.627576470375061035e+00
-9.199120402336120605e-01
-2.028561353683471680e+00
-1.061733484268188477e+00
1.089776873588562012e+00
-8.256855010986328125e-01
-5.498954057693481445e-01
-9.858055114746093750e-01
-4.439011514186859131e-01
-1.271215081214904785e-01
-1.500611662864685059e+00
1.556103706359863281e+00
4.723494052886962891e-01
1.522192597389221191e+00
-5.279889702796936035e-01
-3.850750327110290527e-01
-1.330071330070495605e+00
1.840941309928894043e+00
-1.994728595018386841e-01
6.840407848358154297e-02
9.220884442329406738e-01
7.277458310127258301e-01
-1.444876194000244141e+00
-4.683730602264404297e-01
1.543744325637817383e+00
6.130445003509521484e-01
-1.676498055458068848e-01
3.915548920631408691e-01
-1.541317820549011230e+00
-1.849703490734100342e-01
2.874238044023513794e-02
2.059374153614044189e-01
-1.016916513442993164e+00
6.085489392280578613e-01
4.336357116699218750e-01
-9.557783603668212891e-01
-6.027754545211791992e-01
5.765337347984313965e-01
-1.102093935012817383e+00
-2.571577951312065125e-02
8.650399446487426758e-01
4.600078165531158447e-01
6.804875135421752930e-01
3.678218126296997070e-01
-9.424655437469482422e-01
1.054167747497558594e+00
1.930739432573318481e-01
1.937252432107925415e-01
-8.723167181015014648e-01
-1.076384559273719788e-01
4.176056385040283203e-02
6.074905991554260254e-01
-6.765024662017822266e-01
6.496689915657043457e-01
-6.519827842712402344e-01
-1.939760565757751465e+00
2.729644775390625000e-01
-1.440434694290161133e+00
1.750228047370910645e+00
-2.207858413457870483e-01
8.792201429605484009e-02
-1.784115731716156006e-01
-4.322542808949947357e-03
-1.860898971557617188e+00
-1.326098561286926270e+00
2.489969581365585327e-01
-1.649192720651626587e-01
-4.143135249614715576e-01
-1.101518888026475906e-02
-5.791743993759155273e-01
2.455244809389114380e-01
1.349229574203491211e+00
1.407960176467895508e+00
-1.700094461441040039e+00
1.206303477287292480e+00
3.225980326533317566e-02
5.190371274948120117e-01
-4.456765353679656982e-01
-1.871973872184753418e+00
-6.559070348739624023e-01
-8.398506045341491699e-01
-5.556439757347106934e-01
1.214448809623718262e+00
2.721545100212097168e-01
-1.373749375343322754e-01
-1.135172229260206223e-02
1.004373788833618164e+00
-1.650463640689849854e-01
-8.777590394020080566e-01
-1.234775111079216003e-01
2.563256263732910156e+00
4.740680754184722900e-01
-6.182365417480468750e-01
-4.082998633384704590e-02
7.823287844657897949e-01
-8.749725818634033203e-01
-8.388760089874267578e-01
1.194175004959106445e+00
-7.652735710144042969e-01
1.706840872764587402e+00
-1.937277555465698242e+00
1.690693795680999756e-01
-8.969349265098571777e-01
2.440142184495925903e-01
2.498037517070770264e-01
1.009422540664672852e+00
-4.586588740348815918e-01
5.515761375427246094e-01
1.051785469055175781e+00
2.780831158161163330e-01
-1.162265062332153320e+00
5.047681331634521484e-01
-1.654384970664978027e+00
-6.530657410621643066e-01
6.216177344322204590e-01
7.446861267089843750e-01
3.991245925426483154e-01
-1.533315539360046387e+00
9.719954133033752441e-01
4.174625575542449951e-01
-1.796967506408691406e+00
7.372038811445236206e-02
-6.991406083106994629e-01
1.217236042022705078e+00
-6.833211183547973633e-01
3.397413715720176697e-02
6.981395184993743896e-02
-6.215407326817512512e-02
3.469229638576507568e-01
6.281739473342895508e-01
7.396424412727355957e-01
3.119679689407348633e-01
-1.459480263292789459e-02
-4.911254644393920898e-01
6.626069545745849609e-01
1.289649486541748047e+00
1.738576442003250122e-01
-4.419153928756713867e-01
3.369981050491333008e-01
1.520711541175842285e+00
4.479939639568328857e-01
-3.257179856300354004e-01
-1.399544328451156616e-01
8.289499878883361816e-01
-1.396660655736923218e-01
1.363821268081665039e+00
1.394692361354827881e-01
-4.954065978527069092e-01
5.217717885971069336e-01
-1.256116777658462524e-01
-2.755335271358489990e-01
-9.871653318405151367e-01
-7.519826292991638184e-01
-3.011963665485382080e-01
3.837108314037322998e-01
-2.321460247039794922e+00
1.033163785934448242e+00
1.123857021331787109e+00
1.670076400041580200e-01
-1.604629755020141602e-01
-1.979187250137329102e+00
-4.882590100169181824e-02
-2.520294487476348877e-01
-5.482855811715126038e-02
4.009921848773956299e-01
1.573022902011871338e-01
-5.773628950119018555e-01
4.262300133705139160e-01
-3.813495039939880371e-01
2.703286111354827881e-01
-2.599511146545410156e-01
-6.987187266349792480e-02
5.417135953903198242e-01
3.979033827781677246e-01
-7.663825154304504395e-01
-1.581791639328002930e+00
1.377156823873519897e-01
-6.441067159175872803e-02
-4.397996887564659119e-02
-1.447715044021606445e+00
-5.425534844398498535e-01
-1.916696727275848389e-01
-1.330299675464630127e-01
-6.820901036262512207e-01
3.065278530120849609e-01
1.303350329399108887e+00
-9.665785431861877441e-01
-2.877844274044036865e-01
2.398738451302051544e-02
1.493865132331848145e+00
-2.095263898372650146e-01
-1.426973104476928711e+00
-3.847321569919586182e-01
-3.265556991100311279e-01
7.989608645439147949e-01
1.533449172973632812e+00
-4.906669557094573975e-01
-1.591953277587890625e+00
-5.468246061354875565e-03
-2.393052577972412109e+00
-2.381957620382308960e-01
-3.008642494678497314e-01
7.546396851539611816e-01
-2.587670683860778809e-01
4.389505088329315186e-01
-1.522954404354095459e-01
-8.581687211990356445e-01
-1.217871427536010742e+00
-9.434874653816223145e-01
-6.890555620193481445e-01
-3.990997970104217529e-01
-1.204142332077026367e+00
-1.141491651535034180e+00
-1.759555935859680176e-02
4.903607964515686035e-01
9.974440932273864746e-01
-1.466178178787231445e+00
-7.484325170516967773e-01
1.337397813796997070e+00
-3.793043196201324463e-01
-5.488604307174682617e-02
9.371069073677062988e-01
1.681576669216156006e-01
1.977620124816894531e-01
5.688921213150024414e-01
-1.070683956146240234e+00
6.522998809814453125e-01
2.563001155853271484e+00
3.352547809481620789e-02
8.898530602455139160e-01
-1.322649270296096802e-01
-9.626511931419372559e-01
-4.480651021003723145e-01
8.776840567588806152e-02
-9.822293519973754883e-01
-5.594310760498046875e-01
-8.830727934837341309e-01
-3.244036436080932617e-01
1.869622468948364258e-01
1.141402482986450195e+00
-1.360704183578491211e+00
6.111268997192382812e-01
4.788972139358520508e-01
-2.171946763992309570e-01
-1.645756810903549194e-01
5.178983211517333984e-01
5.324400067329406738e-01
-1.216582804918289185e-01
3.399219512939453125e-01
1.614607870578765869e-01
1.019436717033386230e+00
1.242720007896423340e+00
-1.518866062164306641e+00
-2.627356350421905518e-01
-1.885641694068908691e+00
6.675588488578796387e-01
-3.788707256317138672e-01
-9.365400299429893494e-03
-9.580155611038208008e-01
-6.692862510681152344e-01
7.980102300643920898e-01
1.016409635543823242e+00
1.801389217376708984e+00
-3.137683868408203125e-01
-3.950839042663574219e-01
3.333626389503479004e-01
-9.904666543006896973e-01
-9.248690605163574219e-01
3.372246623039245605e-01
-7.435909509658813477e-01
-7.342361807823181152e-01
-1.007905006408691406e+00
-7.760435938835144043e-01
-4.612268507480621338e-01
-1.220269083976745605e+00
7.381330132484436035e-01
-6.273956894874572754e-01
1.821687631309032440e-02
5.987687110900878906e-01
-2.275910526514053345e-01
-1.302071660757064819e-01
1.095972180366516113e+00
-2.054353803396224976e-02
-2.357623100280761719e+00
1.910183429718017578e+00
9.137716293334960938e-01
7.396613955497741699e-01
-3.240753412246704102e-01
1.412966251373291016e-01
9.994713068008422852e-01
-5.072483420372009277e-02
-2.590147256851196289e-01
-1.126132965087890625e+00
-1.084343433380126953e+00
-6.337472796440124512e-01
4.234443604946136475e-01
-1.141131877899169922e+00
1.402328908443450928e-01
-7.673997879028320312e-01
1.709029436111450195e+00
-6.956301331520080566e-01
8.903616070747375488e-01
4.840990900993347168e-01
3.079908192157745361e-01
-2.675163447856903076e-01
-7.898519039154052734e-01
2.730876766145229340e-02
-9.544298648834228516e-01
7.336967587471008301e-01
5.158252120018005371e-01
-1.489562511444091797e+00
8.574190139770507812e-01
-9.843524098396301270e-01
1.443342804908752441e+00
5.441665649414062500e-01
-2.273127794265747070e+00
-1.920922994613647461e+00
3.622169047594070435e-02
7.554529309272766113e-01
5.579559206962585449e-01
1.067374467849731445e+00
9.863432645797729492e-01
7.954726815223693848e-01
-2.591874003410339355e-01
1.659120440483093262e+00
-3.712632954120635986e-01
3.602774143218994141e-01
1.082874774932861328e+00
9.188418388366699219e-01
-8.791564106941223145e-01
6.838271617889404297e-01
9.044452309608459473e-01
-1.214011669158935547e+00
-6.247823834419250488e-01
2.235886007547378540e-01
1.277461498975753784e-01
-5.242913365364074707e-01
8.562220633029937744e-02
2.396869421005249023e+00
-6.968441009521484375e-01
-8.662012219429016113e-01
2.275489568710327148e+00
-1.266333460807800293e-01
1.356858730316162109e+00
1.174794077873229980e+00
-8.570876121520996094e-01
-1.882102370262145996e+00
-5.504208803176879883e-01
1.661593914031982422e-01
-6.347666382789611816e-01
-1.442846953868865967e-01
5.192009210586547852e-01
1.077375292778015137e+00
-9.114019274711608887e-01
8.159277439117431641e-01
5.782978534698486328e-01
-3.289407789707183838e-01
2.563597261905670166e-01
-1.408245921134948730e+00
5.560855269432067871e-01
1.289528965950012207e+00
1.161221385002136230e+00
-4.676139727234840393e-02
-6.285641789436340332e-01
1.635940521955490112e-01
4.265429675579071045e-01
-1.132563471794128418e+00
-6.998853683471679688e-01
-5.393047258257865906e-02
-4.801213443279266357e-01
8.918081521987915039e-01
1.626355051994323730e+00
-3.716465830802917480e-01
2.427698373794555664e-01
-6.049419641494750977e-01
-1.901417523622512817e-01
-7.546747326850891113e-01
-5.443287491798400879e-01
5.119684338569641113e-01
2.776863239705562592e-02
-1.028623104095458984e+00
-8.183183670043945312e-01
5.285421609878540039e-01
-5.718234181404113770e-01
-1.617477893829345703e+00
2.805559039115905762e-01
1.739977121353149414e+00
-6.011502146720886230e-01
1.513043403625488281e+00
1.806440055370330811e-01
-2.599098682403564453e-01
-1.734364777803421021e-01
-2.579844295978546143e-01
2.993333637714385986e-01
-9.570598006248474121e-01
4.708142578601837158e-02
1.086703300476074219e+00
-9.796038269996643066e-02
7.869233936071395874e-02
-8.653936535120010376e-02
-2.929744124412536621e-01
-3.396420776844024658e-01
6.209961771965026855e-01
-9.702592343091964722e-02
1.296260356903076172e+00
-1.282368779182434082e+00
8.562000840902328491e-02
-5.538676977157592773e-01
-6.188514828681945801e-01
1.136124014854431152e+00
-2.869314432144165039e+00
8.819843083620071411e-02
-6.731545925140380859e-01
-1.665729403495788574e+00
1.877938359975814819e-01
2.465412914752960205e-01
5.938787460327148438e-01
2.268570810556411743e-01
-5.286923646926879883e-01
5.183780789375305176e-01
-8.684026598930358887e-01
5.677976012229919434e-01
1.707858294248580933e-01
3.962621465325355530e-02
5.222992897033691406e-01
-1.460061311721801758e+00
-2.677965760231018066e-01
5.420237183570861816e-01
-6.428877711296081543e-01
-6.473506689071655273e-01
7.600496411323547363e-01
-3.225167989730834961e-01
-3.408089280128479004e-01
-1.679846286773681641e+00
-4.652352631092071533e-01
9.072428345680236816e-01
4.355572164058685303e-01
-9.400885105133056641e-01
-7.678074836730957031e-01
-4.411416351795196533e-01
-8.841744661331176758e-01
-5.991990566253662109e-01
-1.370883226394653320e+00
-9.038450121879577637e-01
4.507679641246795654e-01
6.374412178993225098e-01
-7.737169265747070312e-01
-3.340756520628929138e-03
8.635740876197814941e-01
7.988474965095520020e-01
-2.779874019324779510e-02
-2.183792293071746826e-01
5.779851078987121582e-01
-5.222356319427490234e-01
-8.105382323265075684e-01
5.312181711196899414e-01
1.274156451225280762e+00
-1.512476056814193726e-01
1.614997744560241699e+00
1.559917926788330078e+00
-2.915200293064117432e-01
-2.010413646697998047e+00
-4.349910095334053040e-02
7.804931998252868652e-01
9.090892672538757324e-01
1.029371991753578186e-01
5.257270932197570801e-01
8.895393610000610352e-01
-4.896620512008666992e-01
1.406691074371337891e+00
7.284220308065414429e-02
-1.200972795486450195e+00
1.328883647918701172e+00
2.862119078636169434e-01
2.201711535453796387e-01
4.555579423904418945e-01
-1.952407956123352051e-01
3.263060748577117920e-01
9.806122183799743652e-01
-5.103267431259155273e-01
8.442711830139160156e-02
4.515736997127532959e-01
-1.104813694953918457e+00
-1.542829751968383789e+00
-1.468617618083953857e-01
1.777836084365844727e+00
5.167881250381469727e-01
4.906260371208190918e-01
-3.735219836235046387e-01
-1.509349465370178223e+00
-3.298443257808685303e-01
-1.680039167404174805e-01
-3.322358727455139160e-01
8.811534047126770020e-01
5.567960143089294434e-01
-9.681921601295471191e-01
3.810940384864807129e-01
-4.473086893558502197e-01
-6.990585327148437500e-01
-7.966941595077514648e-01
6.204016208648681641e-01
-2.158946543931961060e-01
-1.592796683311462402e+00
-4.913707077503204346e-01
-1.014396734535694122e-02
-8.350854516029357910e-01
1.580710411071777344e-01
3.866930007934570312e-01
-1.655433297157287598e+00
1.195619821548461914e+00
-9.361783266067504883e-01
1.249794006347656250e+00
1.226107120513916016e+00
4.965727925300598145e-01
4.954197108745574951e-01
-9.009553194046020508e-01
-9.407134652137756348e-01
1.614850312471389771e-01
-9.639369845390319824e-01
1.896423548460006714e-01
9.008614718914031982e-02
8.825566619634628296e-02
8.599489331245422363e-01
-6.401472687721252441e-01
3.722481727600097656e-01
-2.472463697195053101e-01
-5.018811225891113281e-01
-1.650647073984146118e-01
-1.171517014503479004e+00
-8.318062424659729004e-01
1.010437250137329102e+00
-1.192817449569702148e+00
1.086135625839233398e+00
-7.089374065399169922e-01
6.960268616676330566e-01
1.033063292503356934e+00
7.640098780393600464e-02
-4.114093184471130371e-01
3.756257295608520508e-01
1.792004704475402832e-02
1.155900239944458008e+00
1.247297167778015137e+00
5.166102051734924316e-01
-3.082704842090606689e-01
9.431055188179016113e-01
-9.046275019645690918e-01
-1.388975232839584351e-01
