1.659165740013122559e+00
-1.164912462234497070e+00
-9.292093515396118164e-01
-6.558946371078491211e-01
-6.352171897888183594e-01
-6.927427649497985840e-01
1.267933547496795654e-01
-7.283431887626647949e-01
3.199568092823028564e-01
-8.614274263381958008e-01
-7.184638082981109619e-02
1.934726715087890625e+00
6.033652424812316895e-01
-6.608871221542358398e-01
-1.324440598487854004e+00
-1.361868232488632202e-01
1.331346333026885986e-01
-2.148744344711303711e+00
7.740362733602523804e-02
-9.809576272964477539e-01
-1.981431961059570312e+00
3.716450035572052002e-01
5.128076672554016113e-01
-4.065302014350891113e-02
-2.852556407451629639e-01
2.376218289136886597e-01
6.238569617271423340e-01
8.726891875267028809e-01
-2.187368124723434448e-01
6.903206706047058105e-01
-1.030865460634231567e-01
-1.544722765684127808e-01
5.875407457351684570e-01
-9.755791425704956055e-01
7.524669766426086426e-01
-4.207164347171783447e-01
-4.344672262668609619e-01
-2.425327748060226440e-01
4.529009759426116943e-01
6.717094182968139648e-01
2.487774789333343506e-01
-7.123177051544189453e-01
-1.441321849822998047e+00
1.482936739921569824e-01
-3.893585177138447762e-03
1.608839929103851318e-01
-4.019724726676940918e-01
-2.809984683990478516e-01
-1.126902461051940918e+00
1.153911709785461426e+00
8.349018096923828125e-01
-2.067228555679321289e-01
9.371423721313476562e-01
-7.780852317810058594e-01
4.690833389759063721e-01
7.797216624021530151e-02
3.001532256603240967e-01
1.700813651084899902e+00
4.080978333950042725e-01
7.503188252449035645e-01
1.150903224945068359e+00
-5.969175696372985840e-01
2.930599749088287354e-01
2.992371618747711182e-01
9.235185980796813965e-01
-5.988269448280334473e-01
-9.051368236541748047e-01
2.226345390081405640e-01
-1.686319947242736816e+00
-1.119065955281257629e-01
1.933601917698979378e-03
1.534227579832077026e-01
-5.296882614493370056e-02
-1.290255069732666016e+00
8.503765463829040527e-01
-2.137174367904663086e+00
-3.262786865234375000e-01
-1.751438736915588379e+00
8.413239717483520508e-01
-1.177786469459533691e+00
9.803987145423889160e-01
-1.370120406150817871e+00
3.246865570545196533e-01
1.378276944160461426e+00
-1.900507509708404541e-01
5.246454477310180664e-01
2.172068208456039429e-01
-1.720085978507995605e+00
-9.651601314544677734e-01
9.019877910614013672e-01
-6.928274631500244141e-01
-2.733344435691833496e-01
7.057401537895202637e-01
3.827924728393554688e-01
-1.019122600555419922e+00
1.740600019693374634e-01
-4.280454814434051514e-01
4.485850930213928223e-01
-1.068895936012268066e+00
-5.476677417755126953e-01
-4.026725590229034424e-01
-2.094151496887207031e+00
1.636920690536499023e+00
3.290231227874755859e-01
-6.497647166252136230e-01
6.780418157577514648e-01
-1.958830833435058594e+00
-3.819161951541900635e-01
9.201114177703857422e-01
-8.236857652664184570e-01
-2.506659738719463348e-02
-5.778865814208984375e-01
9.200517535209655762e-01
-3.391271233558654785e-01
7.776882648468017578e-01
-4.633342027664184570e-01
-5.925188660621643066e-01
-8.284386992454528809e-01
-8.826404064893722534e-02
-4.279879033565521240e-01
-9.205266833305358887e-01
4.854245185852050781e-01
5.854333043098449707e-01
-6.835978031158447266e-01
-5.207036137580871582e-01
-1.063614726066589355e+00
-4.520370960235595703e-01
1.214736819267272949e+00
