-2.187220007181167603e-01
1.870346188545227051e+00
-2.043305158615112305e+00
3.361005103215575218e-03
-1.450200825929641724e-01
2.159954011440277100e-01
-1.631501764059066772e-01
4.045453369617462158e-01
7.922503352165222168e-01
-1.782248169183731079e-01
-6.989995837211608887e-01
-2.373755723237991333e-01
-2.418375760316848755e-01
9.239298105239868164e-01
1.902055263519287109e+00
-1.278648018836975098e+00
-2.335856705904006958e-01
1.809714674949645996e+00
3.225141167640686035e-01
-2.734953463077545166e-01
3.518661260604858398e-01
1.274747490882873535e+00
9.460537433624267578e-01
-3.494149744510650635e-01
-1.832267880439758301e+00
2.422154903411865234e+00
1.614440441131591797e+00
-4.262822270393371582e-01
1.457322239875793457e-01
-1.080946683883666992e+00
9.688038378953933716e-02
4.222477078437805176e-01
-1.565666913986206055e+00
-9.293614625930786133e-01
-1.064796224236488342e-01
-3.168154239654541016e+00
3.382715210318565369e-02
1.813619971275329590e+00
-2.834295630455017090e-01
-8.841924369335174561e-02
-1.635651707649230957e+00
1.567977070808410645e+00
1.322721958160400391e+00
1.953202366828918457e+00
1.175643920898437500e+00
-1.101803660392761230e+00
-2.545127391815185547e+00
-8.891165852546691895e-01
2.055305540561676025e-01
1.928089022636413574e+00
5.858901143074035645e-01
5.883349180221557617e-01
-6.714960932731628418e-01
9.413088560104370117e-01
1.001307010650634766e+00
-1.369695425033569336e+00
1.260150194168090820e+00
6.267818808555603027e-01
-1.870721578598022461e-02
-4.337234199047088623e-01
-1.303979873657226562e+00
-3.979980051517486572e-01
2.009118556976318359e+00
1.180802226066589355e+00
-7.463935017585754395e-01
4.040893018245697021e-01
-6.457890272140502930e-01
1.683452725410461426e+00
2.076490968465805054e-01
-7.285385131835937500e-01
1.290140509605407715e+00
-9.251674637198448181e-03
1.905591368675231934e+00
8.503653407096862793e-01
-3.509501814842224121e-01
2.901809215545654297e+00
-1.877183839678764343e-02
-2.082688212394714355e-01
2.244849689304828644e-02
1.551113575696945190e-01
1.264621734619140625e+00
-4.441315233707427979e-01
-1.262919068336486816e+00
1.256496012210845947e-01
8.147564716637134552e-03
-3.931723907589912415e-02
-1.816912144422531128e-01
-1.932108551263809204e-01
-1.409870147705078125e+00
-5.042589306831359863e-01
-3.792980015277862549e-01
-8.787630200386047363e-01
-4.529639780521392822e-01
3.061682879924774170e-01
1.296716779470443726e-01
-1.909568190574645996e+00
-7.104431986808776855e-01
-5.701322555541992188e-01
-1.403652071952819824e+00
7.970097064971923828e-01
2.200799942016601562e+00
1.502901017665863037e-01
-1.712685465812683105e+00
-2.426817417144775391e+00
1.146378040313720703e+00
-6.992672681808471680e-01
5.028491020202636719e-01
-5.865928158164024353e-02
8.727316856384277344e-01
4.361000657081604004e-01
7.624084353446960449e-01
3.783350586891174316e-01
8.680370450019836426e-01
6.357595324516296387e-01
-6.925479173660278320e-01
-1.011781215667724609e+00
-1.283326387405395508e+00
1.101764440536499023e+00
6.387662291526794434e-01
2.166175603866577148e+00
1.470700651407241821e-01
-8.219682425260543823e-02
-3.944218158721923828e-01
-1.804096698760986328e+00
6.372657418251037598e-02
7.529366016387939453e-01
1.903774619102478027e+00
2.546175718307495117e-01
