3.683333098888397217e-01
-3.909111917018890381e-01
-6.377339363098144531e-01
1.174085140228271484e+00
1.060260176658630371e+00
2.909133434295654297e-01
5.967510938644409180e-01
-2.713718116283416748e-01
-1.575725674629211426e+00
-7.940079271793365479e-02
-1.079596757888793945e+00
9.045718610286712646e-02
-1.567533254623413086e+00
-3.122752308845520020e-01
3.089695274829864502e-01
-3.869005143642425537e-01
-7.672159373760223389e-02
1.149776101112365723e+00
7.451118826866149902e-01
-7.548017799854278564e-02
1.517180949449539185e-01
-6.798431277275085449e-01
5.933116674423217773e-01
-5.359719395637512207e-01
1.082445979118347168e+00
-7.275163531303405762e-01
-1.459907412528991699e+00
3.702593147754669189e-01
-1.659249216318130493e-01
-1.242026925086975098e+00
5.087783336639404297e-01
-3.079034090042114258e-01
3.857276439666748047e-01
4.284055233001708984e-01
-2.853805541992187500e+00
-4.452632665634155273e-01
-2.116271406412124634e-01
-8.428496122360229492e-01
-4.863656461238861084e-01
6.989547014236450195e-01
-1.332968473434448242e-01
2.274062931537628174e-01
1.556329965591430664e+00
8.541491031646728516e-01
-1.236810326576232910e+00
-2.196199178695678711e+00
1.907031834125518799e-01
-1.201522827148437500e+00
1.096483230590820312e+00
-2.488913983106613159e-01
1.766160577535629272e-01
2.694722414016723633e-01
-6.568948626518249512e-01
3.968097642064094543e-02
9.147868305444717407e-02
9.407498836517333984e-01
-9.920424222946166992e-01
-1.578237265348434448e-01
-1.235437035560607910e+00
2.072795629501342773e+00
4.779331684112548828e-01
-8.107448928058147430e-03
4.151504933834075928e-01
-9.922990947961807251e-02
-1.043424963951110840e+00
-5.867063254117965698e-02
1.562052845954895020e+00
5.559965372085571289e-01
-5.892116460017859936e-04
-3.972870483994483948e-02
2.853487730026245117e-01
8.037374019622802734e-01
3.640750646591186523e-01
2.803155183792114258e-01
-1.398481726646423340e+00
-3.809403479099273682e-01
-6.478598117828369141e-01
-3.426174819469451904e-02
-1.040697932243347168e+00
5.430579781532287598e-01
1.293188054114580154e-02
8.235672116279602051e-01
7.246873378753662109e-01
-6.361986994743347168e-01
-4.034365341067314148e-02
1.488686919212341309e+00
1.395993947982788086e+00
-8.298089355230331421e-02
1.320550441741943359e+00
1.061468601226806641e+00
-2.204060316085815430e+00
-6.047478914260864258e-01
-6.833117455244064331e-02
-3.808237910270690918e-01
-3.700199127197265625e-01
-1.724877059459686279e-01
1.718158870935440063e-01
7.150417566299438477e-01
1.693295717239379883e+00
-3.822155296802520752e-01
-3.183790147304534912e-01
9.970234036445617676e-01
-6.824222803115844727e-01
3.180317580699920654e-02
-1.381854534149169922e+00
-4.920924901962280273e-01
2.215794801712036133e+00
-1.010037064552307129e-01
2.620488405227661133e-01
-4.900795221328735352e-02
1.284579873085021973e+00
-7.227442264556884766e-01
-5.988764166831970215e-01
1.422345995903015137e+00
-1.270747423171997070e+00
9.893717169761657715e-01
-9.631141424179077148e-01
-6.907854080200195312e-01
-9.882286787033081055e-01
-2.135833650827407837e-01
1.628263115882873535e+00
-2.104393392801284790e-01
-2.524071931838989258e-01
-4.419420659542083740e-01
1.439307481050491333e-01
-8.592680096626281738e-01
1.204893827438354492e+00
1.150715947151184082e+00
-4.085092544555664062e-01
-9.629599452018737793e-01
-1.189392089843750000e+00
4.496638178825378418e-01
1.759573459625244141e+00
-1.671683669090270996e+00
1.523043364286422729e-01
-3.963441848754882812e-01
-2.198906540870666504e-01
1.371851414442062378e-01
2.500277161598205566e-01
5.541931390762329102e-01
-2.164634168148040771e-01
-1.063428401947021484e+00
3.349014520645141602e-01
-1.552369952201843262e+00
-1.696117371320724487e-01
4.336138367652893066e-01
1.416295409202575684e+00
-2.000731043517589569e-02
9.263970851898193359e-01
-2.007357835769653320e+00
-5.277392864227294922e-01
3.368117213249206543e-01
-7.140518426895141602e-01
-9.136586785316467285e-01
3.577829003334045410e-01
-1.515741348266601562e+00
8.778836131095886230e-01
-3.393470048904418945e-01
6.170585155487060547e-01
-2.111539602279663086e+00
2.189107418060302734e+00
1.700583100318908691e+00
-5.263230204582214355e-01
3.191465735435485840e-01
1.344577312469482422e+00
1.169046640396118164e+00
-1.028090476989746094e+00
7.416970729827880859e-01
-1.369566284120082855e-02
5.295314788818359375e-01
1.074745655059814453e+00
-2.879243195056915283e-01
-1.391478657722473145e+00
-7.214253395795822144e-02
-7.526488304138183594e-01
7.808246463537216187e-02
9.626537561416625977e-02
-6.283156275749206543e-01
-8.316918611526489258e-01
-6.251959502696990967e-02
1.391815096139907837e-01
3.401805460453033447e-01
1.459448933601379395e-01
5.161676406860351562e-01
-6.186947226524353027e-01
1.601597905158996582e+00
-3.004406690597534180e-01
-8.306273818016052246e-01
1.159168124198913574e+00
-1.901725530624389648e+00
5.812829732894897461e-01
-5.814887881278991699e-01
1.523195654153823853e-01
-1.053205490112304688e+00
-8.558675646781921387e-01
1.405117630958557129e+00
-2.666243016719818115e-01
-2.117675542831420898e+00
-9.261876940727233887e-01
1.142180681228637695e+00
-1.541650295257568359e-01
1.486874520778656006e-01
-2.215525060892105103e-01
-2.149931490421295166e-01
-4.404935538768768311e-01
-1.703768223524093628e-01
3.901762068271636963e-01
2.595681428909301758e+00
1.196872964501380920e-01
-8.550568819046020508e-01
-1.255575381219387054e-02
-6.535245180130004883e-01
-1.155160903930664062e+00
6.653184890747070312e-01
3.528151661157608032e-02
-4.692797362804412842e-01
-1.704584062099456787e-01
-8.398793339729309082e-01
8.376888632774353027e-01
9.226080775260925293e-01
2.925068736076354980e-01
5.812237039208412170e-02
3.619722425937652588e-01
3.678103163838386536e-02
-1.847892999649047852e+00
-1.270848631858825684e+00
-9.387561678886413574e-01
-6.030964851379394531e-01
-9.698405265808105469e-01
4.739251136779785156e-01
-8.157234191894531250e-01
1.040699958801269531e+00
-9.700783491134643555e-01
-1.654869616031646729e-01
-1.269225478172302246e+00
7.178394198417663574e-01
-6.057460904121398926e-01
4.246475696563720703e-01
7.877905368804931641e-01
-4.394691586494445801e-01
-1.595729708671569824e+00
2.152727127075195312e+00
-1.355670243501663208e-01
-6.722460985183715820e-01
6.398764252662658691e-01
1.082446217536926270e+00
-1.006495475769042969e+00
-1.174431014806032181e-02
-2.056131124496459961e+00
-6.704912185668945312e-01
2.347611784934997559e-01
-7.601845860481262207e-01
5.447329878807067871e-01
8.737666010856628418e-01
4.132111370563507080e-01
1.295316815376281738e+00
3.198364078998565674e-01
1.594977825880050659e-01
2.338085412979125977e+00
2.209056466817855835e-01
5.867511630058288574e-01
5.361547470092773438e-01
8.932250738143920898e-01
-7.249203920364379883e-01
-1.221309423446655273e+00
3.794384896755218506e-01
-4.061821401119232178e-01
-5.458630323410034180e-01
7.731645107269287109e-01
1.234970569610595703e+00
9.153120517730712891e-01
1.804763078689575195e-01
-1.606566429138183594e+00
-6.526641845703125000e-01
2.217159122228622437e-01
-1.089828848838806152e+00
-1.891947746276855469e+00
-1.158470153808593750e+00
3.392924666404724121e-01
-3.264540433883666992e-01
-6.536314487457275391e-01
1.604918241500854492e+00
4.783879816532135010e-01
4.002097547054290771e-01
2.325439214706420898e+00
-2.308567166328430176e-01
-1.126593649387359619e-01
1.923701763153076172e+00
7.599681019783020020e-01
5.873318314552307129e-01
-9.176716804504394531e-01
1.072868108749389648e+00
1.229771137237548828e+00
-3.692073225975036621e-01
-3.997790217399597168e-01
-6.565688848495483398e-01
-7.777800559997558594e-01
7.772583365440368652e-01
4.447136521339416504e-01
-6.060401797294616699e-01
-1.415212452411651611e-01
-2.503953874111175537e-01
-1.887575387954711914e-01
1.404569387435913086e+00
-4.001315310597419739e-02
-1.177468776702880859e+00
3.241539299488067627e-01
4.291755259037017822e-01
6.543469429016113281e-01
-2.224672436714172363e-01
-5.044403672218322754e-01
-1.082779318094253540e-01
1.735057830810546875e+00
1.048196077346801758e+00
8.939156532287597656e-01
-1.521139025688171387e+00
5.651560425758361816e-01
5.306532979011535645e-01
1.926891684532165527e+00
-7.088615894317626953e-01
1.013957560062408447e-01
-1.006813764572143555e+00
2.629287242889404297e-01
-1.973615050315856934e+00
-1.084470510482788086e+00
2.348110973834991455e-01
-4.812238737940788269e-02
-8.551440238952636719e-01
2.327705733478069305e-02
1.031942605972290039e+00
-3.612271547317504883e-01
9.666866064071655273e-01
-1.691163629293441772e-01
-1.561304926872253418e+00
1.205791115760803223e+00
-3.892838209867477417e-02
-1.048090010881423950e-01
-2.123206108808517456e-01
2.263490706682205200e-01
1.594068169593811035e+00
-1.373137712478637695e+00
-2.245026826858520508e+00
-5.302163958549499512e-01
6.543315052986145020e-01
4.124428927898406982e-01
8.428561091423034668e-01
-7.854913473129272461e-01
1.270202636718750000e+00
5.716951563954353333e-03
-1.162479877471923828e+00
-1.195036292076110840e+00
5.191381573677062988e-01
7.996552586555480957e-01
-1.617100954055786133e+00
-1.639764428138732910e+00
-1.969565510749816895e+00
-6.987541317939758301e-01
3.145344257354736328e-01
9.371602535247802734e-01
-1.037430644035339355e+00
1.466833591461181641e+00
-9.974124841392040253e-03
3.451085388660430908e-01
-3.632661998271942139e-01
-6.946226358413696289e-01
1.042110204696655273e+00
-2.060322314500808716e-01
5.494781136512756348e-01
-1.206681370735168457e+00
5.539664030075073242e-01
1.567701816558837891e+00
-4.474763572216033936e-01
-1.025740981101989746e+00
1.055055141448974609e+00
2.881649971008300781e+00
-6.989416480064392090e-01
2.198705971240997314e-01
3.141213357448577881e-01
-5.472870469093322754e-01
5.858223512768745422e-02
-1.429054856300354004e+00
9.984527826309204102e-01
4.050706624984741211e-01
6.145220994949340820e-01
1.187743246555328369e-01
4.177289605140686035e-01
-1.240973323583602905e-01
-6.824156641960144043e-01
-1.265024691820144653e-01
9.597424268722534180e-01
1.793012619018554688e+00
1.617133140563964844e+00
-1.841737031936645508e-01
2.889121472835540771e-01
5.614241361618041992e-01
5.680674910545349121e-01
-1.470989435911178589e-01
9.744608998298645020e-01
-8.549949526786804199e-01
9.250175356864929199e-01
1.471915721893310547e+00
1.194566130638122559e+00
1.040996670722961426e+00
-1.188938990235328674e-01
1.242242157459259033e-01
3.308526277542114258e-01
-1.951201111078262329e-01
-8.693008422851562500e-01
-1.641490101814270020e+00
-1.540746212005615234e+00
2.382902145385742188e+00
1.249148845672607422e+00
7.356381416320800781e-01
2.011632442474365234e+00
1.292853236198425293e+00
5.320211648941040039e-01
-1.344608426094055176e+00
-3.299055099487304688e-01
1.807616591453552246e+00
5.160498023033142090e-01
-6.076256036758422852e-01
-6.598471999168395996e-01
-4.969848692417144775e-01
8.658668398857116699e-01
-3.234021663665771484e-01
1.766343116760253906e+00
-3.672897517681121826e-01
-1.402119696140289307e-01
-8.210790157318115234e-01
-1.021214842796325684e+00
-3.738559186458587646e-01
-8.370785713195800781e-01
-4.127311706542968750e-01
-4.967044293880462646e-01
-1.421446204185485840e-01
5.023379921913146973e-01
-1.909341365098953247e-01
3.684128448367118835e-02
1.246151804924011230e+00
-2.581994533538818359e-01
6.792117953300476074e-01
5.894204378128051758e-01
3.241258859634399414e-01
-4.768911004066467285e-02
-1.259818553924560547e+00
8.626473546028137207e-01
-1.607988774776458740e-01
1.472645401954650879e+00
1.106560379266738892e-01
-1.821601033210754395e+00
-2.862525880336761475e-01
-3.885968327522277832e-01
1.040484309196472168e+00
-1.855750754475593567e-02
-7.535281777381896973e-02
4.641485512256622314e-01
-7.563140392303466797e-01
3.412272334098815918e-01
-2.137120962142944336e-01
8.607400655746459961e-01
1.086516857147216797e+00
-4.732988178730010986e-01
-2.073943614959716797e-01
-5.816690325736999512e-01
1.050224781036376953e+00
-4.436379373073577881e-01
1.666135549545288086e+00
-1.047976613044738770e+00
-1.873073577880859375e-01
-9.267877936363220215e-01
-2.589190602302551270e-01
1.052178502082824707e+00
-2.606103122234344482e-01
-4.104917943477630615e-01
-4.438434541225433350e-02
1.864600896835327148e+00
7.866731882095336914e-01
-8.142356872558593750e-01
-9.321009516716003418e-01
6.122646331787109375e-01
-4.860139787197113037e-01
1.065555095672607422e+00
-6.259931921958923340e-01
4.545781612396240234e-01
-2.785652279853820801e-01
-7.109310030937194824e-01
1.921659469604492188e+00
-7.041937708854675293e-01
1.247137904167175293e+00
1.583668470382690430e+00
-3.601878285408020020e-01
-2.583515048027038574e-01
-1.590662956237792969e+00
-1.018028497695922852e+00
-5.304048061370849609e-01
-3.768167272210121155e-02
-7.417479157447814941e-01
9.784451127052307129e-01
2.278497666120529175e-01
5.299538373947143555e-01
4.464213550090789795e-01
3.920404613018035889e-01
-1.311915159225463867e+00
-9.541887640953063965e-01
1.404586672782897949e+00
-6.624858975410461426e-01
-4.205640852451324463e-01
1.302611231803894043e+00
5.235292315483093262e-01
6.304363012313842773e-01
-7.560315728187561035e-01
6.364859640598297119e-02
-8.342677354812622070e-01
1.007636308670043945e+00
-6.905626654624938965e-01
4.408333078026771545e-02
1.460254549980163574e+00
1.010882407426834106e-01
-4.025140702724456787e-01
-6.533998847007751465e-01
8.408248424530029297e-01
-1.702295184135437012e+00
-3.888998329639434814e-01
1.239760279655456543e+00
-6.318083405494689941e-01
2.553179264068603516e+00
-5.244775414466857910e-01
-1.329236984252929688e+00
-3.348601460456848145e-01
-1.088944435119628906e+00
1.790937900543212891e+00
3.211964070796966553e-01
-3.495964705944061279e-01
-7.803950309753417969e-01
1.151289582252502441e+00
1.002936959266662598e+00
2.452364116907119751e-01
-1.311738133430480957e+00
-1.032386049628257751e-01
-5.964696407318115234e-01
7.843899726867675781e-01
-8.742113709449768066e-01
-3.061799407005310059e-01
5.187032222747802734e-01
9.495331645011901855e-01
-8.421973586082458496e-01
-3.039827942848205566e-01
4.082773625850677490e-01
-8.923169374465942383e-01
6.849646568298339844e-01
1.689859777688980103e-01
-3.542851805686950684e-01
-5.985805392265319824e-01
-5.630605220794677734e-01
-1.847157329320907593e-01
4.549325108528137207e-01
1.383129239082336426e+00
7.919511198997497559e-01
8.692784905433654785e-01
-1.652787089347839355e+00
2.056794643402099609e+00
-7.336858510971069336e-01
-1.008389666676521301e-01
4.809989035129547119e-01
2.355853468179702759e-01
-3.672035336494445801e-01
-3.377550840377807617e-01
-1.232827186584472656e+00
-7.102772593498229980e-03
8.747974634170532227e-01
-1.259791105985641479e-01
-5.565891861915588379e-01
-2.144979238510131836e-01
2.231639921665191650e-01
1.577793061733245850e-01
-7.278906553983688354e-02
2.157495170831680298e-01
1.158565655350685120e-01
1.831205934286117554e-01
-5.062640309333801270e-01
6.252580285072326660e-01
-1.216145604848861694e-01
-1.342487782239913940e-01
3.657513558864593506e-01
-4.644827544689178467e-01
6.870602816343307495e-02
1.322718411684036255e-01
3.640337586402893066e-01
-8.767301440238952637e-01
-2.853497564792633057e-01
-3.403875231742858887e-01
-7.563013434410095215e-01
-2.763824462890625000e-01
2.050693929195404053e-01
-1.899750381708145142e-01
-5.242847800254821777e-01
-7.712798118591308594e-01
4.362937808036804199e-01
-6.452915072441101074e-01
5.520254969596862793e-01
9.439843297004699707e-01
-9.353966116905212402e-01
7.669734358787536621e-01
-9.426759481430053711e-01
-2.914040982723236084e-01
-9.681589603424072266e-01
-1.671125292778015137e+00
-1.950912922620773315e-01
6.604347825050354004e-01
-2.864284515380859375e-01
1.166491806507110596e-01
4.557935595512390137e-01
1.327941864728927612e-01
1.204311370849609375e+00
-1.925199292600154877e-02
-1.618439555168151855e+00
2.330998331308364868e-01
-1.248413801193237305e+00
6.703304648399353027e-01
-2.748776972293853760e-01
9.207317233085632324e-01
1.997811645269393921e-01
-8.571898937225341797e-01
-1.588797211647033691e+00
3.526173532009124756e-01
-4.048745334148406982e-02
-4.188374876976013184e-01
-3.628307953476905823e-02
7.544025182723999023e-01
-3.786659240722656250e-01
-1.179145723581314087e-01
-8.452423214912414551e-01
-5.159567594528198242e-01
-1.269389986991882324e-01
3.603162169456481934e-01
-3.076637089252471924e-01
-5.077270865440368652e-01
2.093980789184570312e+00
3.816703855991363525e-01
1.105771183967590332e+00
-1.078465700149536133e+00
-3.552492260932922363e-01
-3.838839828968048096e-01
-6.111544743180274963e-02
6.027030348777770996e-01
-1.944632977247238159e-01
6.116218566894531250e-01
1.649858802556991577e-01
-4.045913219451904297e-01
7.857912182807922363e-01
-5.384448170661926270e-01
-3.381922841072082520e-01
-1.538729667663574219e+00
2.497792959213256836e+00
1.458047270774841309e+00
2.139055132865905762e-01
-1.768384218215942383e+00
-1.826466768980026245e-01
-1.779378205537796021e-01
-7.218674421310424805e-01
2.970583736896514893e-01
-6.396672725677490234e-01
-5.393975377082824707e-01
-8.779446035623550415e-02
1.804656028747558594e+00
-3.716272115707397461e-01
2.153476774692535400e-01
9.910409450531005859e-01
-9.493238925933837891e-01
4.203205406665802002e-01
1.286029666662216187e-01
8.129794895648956299e-02
3.974548876285552979e-01
1.323375940322875977e+00
5.922029614448547363e-01
-3.118035197257995605e-01
-7.335299253463745117e-01
1.963430523872375488e+00
5.526008009910583496e-01
1.408032536506652832e+00
1.711302876472473145e+00
3.114781379699707031e-01
-4.441657364368438721e-01
1.319140315055847168e+00
-9.753247499465942383e-01
1.168067812919616699e+00
-5.392434000968933105e-01
-5.463376045227050781e-01
2.576168775558471680e-01
-3.283708095550537109e-01
-2.162676602602005005e-01
9.499622881412506104e-02
-1.625853419303894043e+00
-1.641720056533813477e+00
1.821999907493591309e+00
6.734669804573059082e-01
1.346486091613769531e+00
-1.070591360330581665e-01
1.787570238113403320e+00
-3.336713314056396484e-01
-5.268945693969726562e-01
1.364575773477554321e-01
1.176562786102294922e+00
-8.699286580085754395e-01
3.527911901473999023e-01
-5.994933247566223145e-01
8.175163269042968750e-01
-6.206691861152648926e-01
-1.080490231513977051e+00
-6.108922362327575684e-01
-1.126031756401062012e+00
9.396889209747314453e-01
2.709403336048126221e-01
2.090838670730590820e+00
-1.850837320089340210e-01
-6.334640979766845703e-01
-4.931285977363586426e-01
7.951292395591735840e-01
9.296299815177917480e-01
-1.864831149578094482e-01
1.300923109054565430e+00
-9.851541519165039062e-01
1.121971849352121353e-02
-6.935435533523559570e-01
3.814346492290496826e-01
4.047883749008178711e-01
-1.104306459426879883e+00
3.285354375839233398e-01
-1.238520145416259766e+00
-6.431799530982971191e-01
2.716844379901885986e-01
3.477396965026855469e-01
1.067539811134338379e+00
-2.128970474004745483e-01
-9.580113887786865234e-01
1.763498067855834961e+00
5.907254219055175781e-01
-1.155093669891357422e+00
1.467859148979187012e+00
-5.044242143630981445e-01
-4.728379845619201660e-01
6.668217778205871582e-01
-9.193860888481140137e-01
-5.861930847167968750e-01
9.186443090438842773e-01
-6.421794295310974121e-01
-3.465840816497802734e-01
-1.793766617774963379e-01
-4.403104782104492188e-01
7.942593693733215332e-01
8.904336392879486084e-02
8.748556375503540039e-01
-1.720614314079284668e+00
-1.222677826881408691e+00
2.251409590244293213e-01
1.192502602934837341e-01
-3.772300183773040771e-01
1.055165886878967285e+00
-1.589289903640747070e-01
7.056339979171752930e-01
1.509557723999023438e+00
3.770229518413543701e-01
4.598899483680725098e-01
-5.601506829261779785e-01
-9.104191064834594727e-01
-2.262312322854995728e-01
7.609314918518066406e-01
-9.366393834352493286e-02
6.874477267265319824e-01
1.804470181465148926e+00
-3.642475232481956482e-03
4.336757063865661621e-01
7.577888667583465576e-02
9.842970967292785645e-01
-2.115334868431091309e-01
-3.804945051670074463e-01
-3.857434093952178955e-01
-1.604864448308944702e-01
-1.045408487319946289e+00
-9.252218604087829590e-01
-1.382739186286926270e+00
1.546407788991928101e-01
-1.392572164535522461e+00
-3.621689081192016602e-01
9.950110316276550293e-01
3.735362589359283447e-01
-5.200241804122924805e-01
-1.120736598968505859e+00
-1.254545807838439941e+00
-1.338777780532836914e+00
-5.356947183609008789e-01
5.032417178153991699e-01
-2.091664969921112061e-01
-4.944564104080200195e-01
-8.852887153625488281e-01
-4.011210501194000244e-01
1.930541098117828369e-01
-4.487459957599639893e-01
8.145656585693359375e-01
-9.832338243722915649e-02
-1.437695741653442383e+00
7.913108468055725098e-01
-2.424237877130508423e-01
-1.740676164627075195e+00
9.507715702056884766e-02
-5.861124396324157715e-01
4.060443639755249023e-01
2.800427079200744629e-01
-1.473472356796264648e+00
1.564252138137817383e+00
1.314952135086059570e+00
-1.271751165390014648e+00
-2.332092374563217163e-01
-1.327485293149948120e-01
1.446680575609207153e-01
2.517081499099731445e+00
7.069242596626281738e-01
-3.028120398521423340e-01
3.359831124544143677e-02
-6.453446745872497559e-01
-6.380066275596618652e-01
1.285328745841979980e+00
-1.265512347221374512e+00
-9.015223383903503418e-01
-5.727606415748596191e-01
-8.744871616363525391e-01
-2.522849142551422119e-01
-8.049806952476501465e-01
1.082540750503540039e+00
5.861157178878784180e-01
-2.086989164352416992e+00
-7.100578546524047852e-01
3.756132721900939941e-01
-1.905509471893310547e+00
-5.281443595886230469e-01
3.158766627311706543e-01
-2.444391995668411255e-01
3.331163525581359863e-01
-2.490671724081039429e-01
-8.967122435569763184e-01
-9.252668619155883789e-01
2.140736132860183716e-01
-1.128820657730102539e+00
-9.297614097595214844e-01
-9.858810901641845703e-01
-7.100013643503189087e-02
-2.150173187255859375e-01
-3.700038492679595947e-01
-4.381152987480163574e-02
-4.682441651821136475e-01
-1.642207384109497070e+00
-7.465651035308837891e-01
1.034825325012207031e+00
7.959737181663513184e-01
-1.430341005325317383e+00
1.808735370635986328e+00
-5.060244798660278320e-01
7.319424301385879517e-02
-1.434534192085266113e-01
-7.593615651130676270e-01
9.584721922874450684e-01
-3.777945637702941895e-01
-8.346589207649230957e-01
-5.487983226776123047e-01
-1.215041160583496094e+00
5.499640703201293945e-01
1.378562450408935547e-01
-1.046074852347373962e-01
1.069432795047760010e-01
-1.281121253967285156e+00
9.682230353355407715e-01
-2.827720157802104950e-02
-6.558113098144531250e-01
-5.295185446739196777e-01
2.941257655620574951e-01
-1.310067415237426758e+00
6.159279942512512207e-01
4.368061125278472900e-01
-9.266638159751892090e-01
-8.129455894231796265e-02
1.502527475357055664e+00
-7.322307229042053223e-01
-7.233958840370178223e-01
-9.438222050666809082e-01
1.119494318962097168e+00
-5.396202802658081055e-01
-9.620593190193176270e-01
1.842232823371887207e+00
-1.613210141658782959e-01
-1.149767041206359863e-01
-5.925827026367187500e-01
6.045941710472106934e-01
1.032084152102470398e-01
4.910932779312133789e-01
6.299158930778503418e-01
-3.720795810222625732e-01
1.218095660209655762e+00
-8.629305958747863770e-01
2.763892710208892822e-01
7.637863755226135254e-01
-1.633780449628829956e-01
3.719981610774993896e-01
-1.201171278953552246e+00
6.299632191658020020e-01
1.723810583353042603e-01
-5.113118886947631836e-01
-1.408268094062805176e+00
-1.495552361011505127e-01
8.194792866706848145e-01
-1.739410907030105591e-01
8.253012895584106445e-01
-9.841830283403396606e-02
-1.672802448272705078e+00
1.471332550048828125e+00
1.839346140623092651e-01
1.428308725357055664e+00
-3.277971446514129639e-01
-8.419481515884399414e-01
-8.976561427116394043e-01
9.446382522583007812e-01
-1.111335396766662598e+00
1.004443407058715820e+00
2.457776069641113281e-01
6.119018197059631348e-01
-6.180257201194763184e-01
-3.308593928813934326e-01
5.289193987846374512e-01
-1.173951998353004456e-01
-3.525919318199157715e-01
-6.534998118877410889e-02
-2.157477885484695435e-01
2.426284551620483398e-01
-8.527657985687255859e-01
-2.522660195827484131e-01
-1.374321818351745605e+00
-6.197662949562072754e-01
3.048735857009887695e-01
-4.119114875793457031e-01
1.341288566589355469e+00
-6.513291597366333008e-01
-8.350467681884765625e-01
1.397627443075180054e-01
8.521786928176879883e-01
7.976655960083007812e-01
-7.292312979698181152e-01
8.470516800880432129e-01
-6.276450753211975098e-01
3.966788649559020996e-01
-8.677549362182617188e-01
6.166329383850097656e-01
-6.161623597145080566e-01
-1.393717885017395020e+00
9.334219992160797119e-02
-4.981253147125244141e-01
1.099502563476562500e+00
-9.281150996685028076e-02
4.826878905296325684e-01
-1.260460317134857178e-01
-6.549815535545349121e-01
1.268676757812500000e+00
1.400569975376129150e-01
5.062517523765563965e-01
-1.132046222686767578e+00
-8.458284735679626465e-01
7.907295823097229004e-01
-1.205127954483032227e+00
9.437900185585021973e-01
-3.745905458927154541e-01
-5.933178067207336426e-01
1.032198667526245117e-01
6.117241382598876953e-01
-1.850962489843368530e-01
-2.364252358675003052e-01
-2.564547955989837646e-01
-9.577345103025436401e-03
-2.459020316600799561e-01
-6.281338334083557129e-01
-1.310780763626098633e+00
1.330511212348937988e+00
-1.139827489852905273e+00
-1.023713588714599609e+00
-1.452857404947280884e-01
1.008904695510864258e+00
-1.343843787908554077e-01
5.149298906326293945e-01
1.289146542549133301e+00
3.051171302795410156e-01
1.356309533119201660e+00
9.870392829179763794e-02
1.291003972291946411e-01
-6.811962127685546875e-01
6.267943382263183594e-01
1.871007084846496582e+00
9.998192787170410156e-01
-3.863669931888580322e-01
1.283413410186767578e+00
1.284631371498107910e+00
9.846627712249755859e-01
-3.321623802185058594e-01
-7.470414042472839355e-01
