-1.940920203924179077e-01
1.058373212814331055e+00
1.346989423036575317e-01
-6.893348693847656250e-01
1.799080133438110352e+00
-6.136074662208557129e-01
5.879256129264831543e-01
-6.458966135978698730e-01
2.365024536848068237e-01
-1.391710638999938965e-01
5.461643915623426437e-03
1.716835379600524902e+00
-1.888171076774597168e+00
6.132024526596069336e-01
1.007866501808166504e+00
-1.256662130355834961e+00
7.412755489349365234e-01
-2.061692029237747192e-01
-1.337688267230987549e-01
8.900533318519592285e-01
-4.266935288906097412e-01
-1.624169349670410156e+00
-6.459935307502746582e-01
2.088719606399536133e-01
-1.064894199371337891e+00
2.135910838842391968e-01
-3.246453404426574707e-02
2.514188289642333984e+00
1.614778399467468262e+00
-3.693006038665771484e-01
7.253130078315734863e-01
2.484450489282608032e-01
-6.805706620216369629e-01
2.340684413909912109e+00
6.850585937500000000e-01
-6.499006152153015137e-01
-1.794399380683898926e+00
-1.197974801063537598e+00
7.763413190841674805e-01
1.337045550346374512e+00
5.195156931877136230e-01
1.379747152328491211e+00
-1.066209912300109863e+00
3.544240072369575500e-02
-1.693183541297912598e+00
-1.692489147186279297e+00
1.158555373549461365e-01
3.030351698398590088e-01
-5.119931697845458984e-01
8.210893273353576660e-01
-1.085363142192363739e-02
-4.497854709625244141e-01
-1.528425931930541992e+00
3.800004124641418457e-01
3.894027769565582275e-01
1.016331091523170471e-01
2.315955400466918945e+00
1.533345729112625122e-01
8.177337646484375000e-01
-1.156834721565246582e+00
9.502094984054565430e-02
9.008014798164367676e-01
5.044890195131301880e-02
1.060062497854232788e-01
-8.120294213294982910e-01
3.469425439834594727e-02
-5.986884832382202148e-01
9.024838209152221680e-01
2.091588079929351807e-01
-7.976420521736145020e-01
-2.998824417591094971e-01
1.046929001808166504e+00
6.233044266700744629e-01
-2.285537958145141602e+00
7.475545406341552734e-01
5.974927544593811035e-01
1.872334927320480347e-01
4.003175497055053711e-01
-1.299064517021179199e+00
-4.699894189834594727e-01
1.264714747667312622e-01
5.504676103591918945e-01
2.798183560371398926e-01
-2.144473046064376831e-01
-2.533038556575775146e-01
1.249129995703697205e-01
3.084285855293273926e-01
2.192956358194351196e-01
4.856937527656555176e-01
1.278107166290283203e-01
-1.018261075019836426e+00
-1.914179682731628418e+00
9.123100340366363525e-02
1.251958727836608887e+00
-1.263004779815673828e+00
-5.217362642288208008e-01
-2.401842117309570312e+00
-3.621546030044555664e-01
2.958142012357711792e-02
6.464768052101135254e-01
4.580130875110626221e-01
-1.035483002662658691e+00
2.333003044128417969e+00
-6.046658158302307129e-01
-1.881724953651428223e+00
-1.080778360366821289e+00
-1.794854164123535156e+00
4.414991736412048340e-01
1.514237821102142334e-01
9.944071769714355469e-01
-8.236805200576782227e-01
-2.451759874820709229e-01
-2.659378051757812500e+00
-1.495885848999023438e+00
5.515619367361068726e-02
-5.645893812179565430e-01
1.317977190017700195e+00
2.928777970373630524e-02
-8.716110587120056152e-01
1.693789601325988770e+00
8.571843057870864868e-02
8.024432063102722168e-01
5.338791012763977051e-01
1.155618190765380859e+00
-1.015248179435729980e+00
1.050945281982421875e+00
3.660504519939422607e-01
1.023214459419250488e+00
