1.075456857681274414e+00
8.081824635155498981e-04
-5.180335640907287598e-01
1.385094046592712402e+00
1.428564667701721191e+00
5.451276898384094238e-01
-4.089753627777099609e-01
1.361761450767517090e+00
1.115074753761291504e+00
-7.668896317481994629e-01
-4.333472847938537598e-01
8.681973814964294434e-01
-6.246245279908180237e-02
-1.119485139846801758e+00
7.721179127693176270e-01
1.422484636306762695e+00
5.333652496337890625e-01
2.496284097433090210e-01
-6.344448924064636230e-01
8.629932403564453125e-01
1.224304288625717163e-01
-1.468841791152954102e+00
2.114797830581665039e-01
-6.942252516746520996e-01
-8.256035447120666504e-01
-3.256276845932006836e-01
-1.118138313293457031e+00
8.350881338119506836e-01
6.563055515289306641e-01
-5.761683583259582520e-01
9.657859802246093750e-02
3.005080483853816986e-02
-2.008186578750610352e-01
3.994387984275817871e-01
1.378504633903503418e-01
-1.191027402877807617e+00
-6.725509762763977051e-01
9.416447877883911133e-01
1.207478046417236328e+00
-1.023144483566284180e+00
1.222975015640258789e+00
4.894680976867675781e-01
1.382831692695617676e+00
7.222110629081726074e-01
2.333265542984008789e-01
4.696713089942932129e-01
-4.935353994369506836e-01
-3.375446498394012451e-01
7.497549653053283691e-01
1.644840598106384277e+00
1.884826868772506714e-01
-9.997551888227462769e-02
5.134797096252441406e-01
1.188616037368774414e+00
-2.864822149276733398e-01
5.784849449992179871e-02
-1.035761952400207520e+00
-7.611181735992431641e-01
2.292430847883224487e-01
-1.249464869499206543e+00
1.400311589241027832e-01
-1.001394033432006836e+00
9.967977404594421387e-01
-7.203366756439208984e-01
-2.061256766319274902e-01
1.080533146858215332e+00
-8.217151165008544922e-01
6.076276898384094238e-01
-1.865426450967788696e-01
-6.532381176948547363e-01
4.424406588077545166e-01
-4.946439564228057861e-01
-3.182759284973144531e-01
3.532450199127197266e-01
-7.370330095291137695e-01
-6.046935915946960449e-01
4.869692027568817139e-01
-6.456376519054174423e-03
-1.485532820224761963e-01
-6.364286541938781738e-01
5.155377984046936035e-01
-8.679955601692199707e-01
-1.226149678230285645e+00
2.948689833283424377e-02
2.022897899150848389e-01
1.394641846418380737e-01
4.723055362701416016e-01
-9.957523345947265625e-01
-6.692759990692138672e-01
-3.486625254154205322e-01
-1.538529276847839355e+00
4.392904043197631836e-01
7.087308764457702637e-01
9.646396040916442871e-01
2.083947807550430298e-01
1.203912377357482910e+00
-6.515826582908630371e-01
4.347015023231506348e-01
-2.307799607515335083e-01
1.135622262954711914e+00
-1.717520356178283691e-01
-2.028142213821411133e-01
3.239032924175262451e-01
1.490344852209091187e-01
-5.073157548904418945e-01
-1.225001454353332520e+00
-5.283569097518920898e-01
-1.719591319561004639e-01
7.744407653808593750e-01
-1.779946684837341309e+00
-5.870302915573120117e-01
1.381163299083709717e-02
-8.233357667922973633e-01
-5.664339065551757812e-01
-8.423310518264770508e-01
8.133769631385803223e-01
-8.457572199404239655e-03
-6.881078481674194336e-01
3.824445307254791260e-01
-2.940143108367919922e+00
-1.334141850471496582e+00
-6.813659071922302246e-01
-3.934193849563598633e-01
-1.164752840995788574e+00
-9.006489515304565430e-01
2.923893742263317108e-02
4.493944346904754639e-01
-2.875600337982177734e+00
5.921193957328796387e-01
6.393908858299255371e-01
-1.134136795997619629e+00
9.189850091934204102e-01
-4.191618263721466064e-01
2.577134132385253906e+00
-1.558917880058288574e+00
-4.872292652726173401e-02
-1.087176799774169922e+00
7.375770807266235352e-01
-7.374028563499450684e-01
-9.544103145599365234e-01
4.427059590816497803e-01
1.138454556465148926e+00
4.578604996204376221e-01
1.458646178245544434e+00
-1.952096223831176758e-01
-2.421523630619049072e-01
3.632857277989387512e-02
1.456455230712890625e+00
1.087997317314147949e+00
1.173864006996154785e+00
-4.576970040798187256e-01
-5.004706978797912598e-01
-2.547910809516906738e-02
3.478515744209289551e-01
-3.068290054798126221e-01
-1.986728757619857788e-01
9.091792702674865723e-01
-9.821522831916809082e-01
-5.034303665161132812e-01
-6.683574914932250977e-01
2.405633032321929932e-01
1.081351265311241150e-01
-1.687712073326110840e+00
7.331460118293762207e-01
-6.948953270912170410e-01
-7.980176210403442383e-01
-2.047191262245178223e-01
2.817082107067108154e-01
1.130184292793273926e+00
-5.625004172325134277e-01
3.161739110946655273e-01
1.392366528511047363e+00
7.854015827178955078e-01
5.818766951560974121e-01
1.108973771333694458e-01
-4.967195391654968262e-01
-6.215571165084838867e-01
1.819508671760559082e+00
8.639487028121948242e-01
-3.293545544147491455e-01
1.378306269645690918e+00
-3.053650856018066406e-01
-7.544547319412231445e-02
4.586063325405120850e-01
-1.340744614601135254e+00
6.470692902803421021e-02
2.817367613315582275e-01
2.233449667692184448e-01
-4.401451945304870605e-01
1.138554215431213379e+00
-4.839452207088470459e-01
-6.268986463546752930e-01
-1.606549739837646484e+00
-3.272414505481719971e-01
1.136653065681457520e+00
1.425025314092636108e-01
-5.963959097862243652e-01
-8.041554689407348633e-01
-4.258385598659515381e-01
1.257412910461425781e+00
-3.837704956531524658e-01
1.539075374603271484e+00
-5.746208429336547852e-01
-1.323242664337158203e+00
-4.547210037708282471e-01
1.175159573554992676e+00
-4.921962618827819824e-01
7.514224648475646973e-01
-4.117146730422973633e-01
1.220240369439125061e-01
3.790301084518432617e-01
-5.451380610466003418e-01
-4.075306355953216553e-01
7.043410539627075195e-01
-2.725210189819335938e-01
-2.799421250820159912e-01
9.167287349700927734e-01
8.408046960830688477e-01
1.322245836257934570e+00
-3.758139535784721375e-02
-3.030533790588378906e-01
-2.723582684993743896e-01
9.852319359779357910e-01
-8.094699382781982422e-01
3.184708356857299805e-01
1.812727332115173340e+00
1.391407012939453125e+00
-1.108713448047637939e-01
-3.576498478651046753e-02
-1.283217668533325195e+00
-1.250588595867156982e-01
-1.311541438102722168e+00
-5.601990222930908203e-01
-9.218763709068298340e-01
5.014615058898925781e-01
-2.280194044113159180e+00
-1.034926533699035645e+00
8.182570338249206543e-01
1.559938788414001465e+00
1.149532794952392578e+00
-4.521621167659759521e-01
1.331004381179809570e+00
-3.978331089019775391e-01
8.905425071716308594e-01
-6.213119029998779297e-01
1.612735509872436523e+00
-3.143146932125091553e-01
-6.744576990604400635e-02
1.551650881767272949e+00
1.690277755260467529e-01
8.530331850051879883e-01
5.298287048935890198e-02
-1.193303346633911133e+00
1.777276545763015747e-01
-3.543974161148071289e-01
-4.710296392440795898e-01
-1.296941161155700684e+00
9.781811237335205078e-01
-6.172040700912475586e-01
-1.053166985511779785e+00
-5.435489416122436523e-01
1.334967184811830521e-02
3.670328557491302490e-01
3.596984781324863434e-03
-1.593280076980590820e+00
-3.833928406238555908e-01
-7.168045639991760254e-01
-1.280474811792373657e-01
-9.450569152832031250e-01
2.166229337453842163e-01
1.530143976211547852e+00
8.100957274436950684e-01
1.387918829917907715e+00
-3.736464977264404297e-01
-9.540949463844299316e-01
-6.582978367805480957e-01
-8.277974128723144531e-01
5.527449846267700195e-01
8.295009732246398926e-01
3.689958751201629639e-01
7.321241497993469238e-01
1.270688772201538086e+00
-6.939120888710021973e-01
5.642409324645996094e-01
3.638107478618621826e-01
2.839767336845397949e-01
4.893308281898498535e-01
-9.099290370941162109e-01
4.809902906417846680e-01
1.987562894821166992e+00
-1.286570191383361816e+00
1.576213836669921875e+00
-6.929515600204467773e-01
8.612430095672607422e-01
-1.375323683023452759e-01
6.175641417503356934e-01
9.830247759819030762e-01
5.611587762832641602e-01
1.506502151489257812e+00
4.024718999862670898e-01
-3.117543458938598633e-01
1.117027878761291504e+00
-1.082678318023681641e+00
3.140476942062377930e-01
4.609529674053192139e-01
-1.071789622306823730e+00
1.922930002212524414e+00
-8.553247451782226562e-01
-9.489997625350952148e-01
-4.915010929107666016e-02
-9.409937858581542969e-01
6.975116729736328125e-01
1.347451925277709961e+00
-1.040737032890319824e+00
-3.053106367588043213e-01
7.209811210632324219e-01
-4.847369194030761719e-01
6.214915513992309570e-01
-2.989239431917667389e-02
1.435173600912094116e-01
-3.990884423255920410e-01
-7.144727557897567749e-02
4.867099821567535400e-01
1.981032043695449829e-01
-8.222758173942565918e-01
-3.503401875495910645e-01
1.211947560310363770e+00
8.616250157356262207e-01
-2.453098893165588379e-01
-8.488830178976058960e-02
2.263998091220855713e-01
2.774846255779266357e-01
5.604981780052185059e-01
-6.652807593345642090e-01
7.386741042137145996e-01
-1.907881855964660645e+00
-1.193327307701110840e-01
1.921231597661972046e-01
-7.629096508026123047e-01
-1.162273883819580078e+00
9.350714087486267090e-01
-9.387961626052856445e-01
4.324177503585815430e-01
5.912333726882934570e-01
1.873103022575378418e+00
5.743166208267211914e-01
-2.502711772918701172e+00
5.725737214088439941e-01
-4.047281146049499512e-01
-2.402088046073913574e-01
-2.880007922649383545e-01
-1.508722066879272461e+00
5.501624345779418945e-01
2.544239163398742676e-01
-1.564486742019653320e+00
2.648820877075195312e-01
1.716663599014282227e+00
6.915453672409057617e-01
-2.343032658100128174e-01
-5.139845609664916992e-01
-4.423567354679107666e-01
-3.374168872833251953e-01
6.748601794242858887e-01
-4.152653515338897705e-01
6.350792646408081055e-01
1.206402063369750977e+00
-6.636429578065872192e-02
8.343241214752197266e-01
-1.385196805000305176e+00
5.726073980331420898e-01
-3.922016918659210205e-01
-4.475198388099670410e-01
1.179285049438476562e+00
-1.531924754381179810e-01
1.301347762346267700e-01
1.230886459350585938e+00
-1.096442103385925293e+00
8.017406463623046875e-01
4.669282734394073486e-01
-2.100085020065307617e+00
-1.028237581253051758e+00
9.951562881469726562e-01
-7.955585718154907227e-01
-1.550129532814025879e+00
-8.677721023559570312e-02
-3.856115937232971191e-01
1.009183406829833984e+00
3.234951496124267578e-01
5.294353365898132324e-01
5.227627977728843689e-02
5.450274348258972168e-01
9.055722951889038086e-01
-6.533249281346797943e-03
2.341794490814208984e+00
-3.811635375022888184e-01
-1.070482969284057617e+00
9.085714817047119141e-01
-2.547379136085510254e-01
6.960563063621520996e-01
1.681867837905883789e+00
1.120506763458251953e+00
1.230548992753028870e-01
-3.917467594146728516e-01
1.721417456865310669e-01
-5.329491570591926575e-02
6.839119195938110352e-01
-2.086089104413986206e-01
5.549288392066955566e-01
-6.261160969734191895e-02
8.607516437768936157e-02
4.760160744190216064e-01
3.484243154525756836e-01
3.667048811912536621e-01
3.545695543289184570e-01
6.753587126731872559e-01
3.050306737422943115e-01
7.442351579666137695e-01
1.001593589782714844e+00
-6.763813495635986328e-01
-2.421591728925704956e-01
7.808251976966857910e-01
1.612839698791503906e-01
8.925356864929199219e-01
-4.485206305980682373e-01
-1.329134345054626465e+00
-7.308216094970703125e-01
1.336749076843261719e+00
7.653350830078125000e-01
-5.595234632492065430e-01
2.350296229124069214e-01
6.837136149406433105e-01
-1.530406832695007324e+00
8.366693854331970215e-01
3.932538330554962158e-01
-1.702079623937606812e-01
9.003836512565612793e-01
-9.373296052217483521e-02
-3.105989843606948853e-02
1.747969388961791992e+00
-1.002030611038208008e+00
1.768153071403503418e+00
7.543229460716247559e-01
-4.220493137836456299e-01
-9.679500460624694824e-01
4.416873455047607422e-01
1.275335848331451416e-01
-4.688862264156341553e-01
-6.079172492027282715e-01
1.529687643051147461e-01
-9.787705540657043457e-01
1.003332376480102539e+00
-2.498922795057296753e-01
1.124372959136962891e+00
3.802037984132766724e-02
-3.435855805873870850e-01
3.921958506107330322e-01
-7.270120382308959961e-01
-5.365396142005920410e-01
1.319729685783386230e-01
-1.479680687189102173e-01
-3.845125436782836914e-01
2.815937519073486328e+00
-7.384667992591857910e-01
-5.585721731185913086e-01
9.130598902702331543e-01
-7.143024206161499023e-01
-1.803041547536849976e-01
-6.081046462059020996e-01
-8.053513765335083008e-01
-1.252312302589416504e+00
-1.537563651800155640e-01
-3.747840225696563721e-01
7.677198052406311035e-01
-2.018952131271362305e+00
1.435980439186096191e+00
4.930849745869636536e-02
1.439599514007568359e+00
-5.549387335777282715e-01
8.860547840595245361e-02
-7.907381653785705566e-01
-4.936786890029907227e-01
6.667734980583190918e-01
1.881717145442962646e-01
1.096575632691383362e-01
1.699840873479843140e-01
-5.788716673851013184e-01
3.900858461856842041e-01
-6.554914116859436035e-01
8.541169166564941406e-01
1.086377620697021484e+00
2.856168895959854126e-02
1.532051444053649902e+00
-6.973422169685363770e-01
-8.105894327163696289e-01
1.372078895568847656e+00
2.927041053771972656e-01
-1.866472512483596802e-01
1.215117573738098145e+00
-1.049540862441062927e-01
9.461992979049682617e-01
-3.238112628459930420e-01
1.265983223915100098e+00
1.183569431304931641e-01
-1.506744861602783203e+00
-1.320990324020385742e-01
-9.425874948501586914e-01
5.086728334426879883e-01
-5.553920939564704895e-02
8.757628202438354492e-01
5.382179021835327148e-01
-2.903518974781036377e-01
1.241680145263671875e+00
-1.265458345413208008e+00
-1.196487069129943848e+00
9.342909455299377441e-01
-1.339723825454711914e+00
7.828737497329711914e-01
1.011721372604370117e+00
-4.919040203094482422e-01
-7.155867218971252441e-01
-1.113770604133605957e-01
1.867760717868804932e-01
-4.213474392890930176e-01
-5.913442969322204590e-01
8.408130407333374023e-01
1.319503784179687500e-01
-3.089278638362884521e-01
1.502180546522140503e-01
-9.228177070617675781e-01
-2.564967572689056396e-01
-1.466723233461380005e-01
9.054572135210037231e-02
2.771069407463073730e-01
4.663029611110687256e-01
2.076796069741249084e-02
9.597202539443969727e-01
1.076944112777709961e+00
-9.120005965232849121e-01
4.879568815231323242e-01
-5.892383456230163574e-01
-3.966013193130493164e-01
-2.270265340805053711e+00
5.143320560455322266e-01
-8.022850155830383301e-01
3.412569761276245117e-01
6.150925159454345703e-01
1.782098054885864258e+00
-2.272256463766098022e-01
4.178884029388427734e-01
-1.005772233009338379e+00
-5.635898932814598083e-02
5.762016177177429199e-01
-1.380618512630462646e-01
-6.354021430015563965e-01
-7.064483761787414551e-01
-1.088346481323242188e+00
-1.157651245594024658e-01
-7.558948993682861328e-01
1.086179256439208984e+00
-8.317474722862243652e-01
-3.183379769325256348e-01
-1.016066193580627441e+00
-4.746069312095642090e-01
-7.490174174308776855e-01
2.873922288417816162e-01
-4.208898246288299561e-01
6.726254224777221680e-01
-1.402194350957870483e-01
-1.056130647659301758e+00
5.146428942680358887e-01
7.844071388244628906e-01
-8.995764851570129395e-01
-6.784369945526123047e-01
-7.088307738304138184e-01
-2.005954980850219727e-01
-6.523881554603576660e-01
7.916409969329833984e-01
-2.413204431533813477e+00
-9.479344487190246582e-01
1.398169279098510742e+00
-2.067571431398391724e-01
1.711237668991088867e+00
1.317475438117980957e+00
-1.468665719032287598e+00
-8.262237161397933960e-02
-1.305468678474426270e+00
5.065681338310241699e-01
-5.308361053466796875e-01
2.619752287864685059e-01
3.155982196331024170e-01
-1.027891516685485840e+00
9.325334429740905762e-01
2.863296568393707275e-01
6.857239603996276855e-01
-1.564474940299987793e+00
2.785344719886779785e-01
-1.361369788646697998e-01
3.514429628849029541e-01
9.427933096885681152e-01
2.741438150405883789e-01
8.962486982345581055e-01
-1.017423152923583984e+00
8.360167741775512695e-01
-2.425207614898681641e+00
1.482070922851562500e+00
-1.008377790451049805e+00
-9.462265968322753906e-01
-1.732113510370254517e-01
-1.850706815719604492e+00
-8.891434669494628906e-01
-1.177193164825439453e+00
1.439220458269119263e-01
3.903917968273162842e-01
9.170134663581848145e-01
-7.953932285308837891e-01
8.156727999448776245e-02
-2.379927486181259155e-01
1.192987337708473206e-01
7.216779589653015137e-01
-6.242876648902893066e-01
-1.047116994857788086e+00
-1.011305809020996094e+00
3.415986001491546631e-01
-1.743171453475952148e+00
-3.584882318973541260e-01
5.903771519660949707e-01
-5.987623333930969238e-01
2.722069919109344482e-01
6.183301806449890137e-01
9.511927962303161621e-01
-7.960299253463745117e-01
-4.081885814666748047e-01
6.931164860725402832e-01
8.515027761459350586e-01
3.097190558910369873e-01
6.351389735937118530e-02
-5.992652177810668945e-01
-8.594836592674255371e-01
-2.087988704442977905e-01
-5.246444940567016602e-01
1.450803756713867188e+00
-3.655762672424316406e-01
2.444056123495101929e-01
1.048602536320686340e-01
-5.696095228195190430e-01
4.798351228237152100e-01
4.003998041152954102e-01
-3.447813987731933594e-01
-1.514928698539733887e+00
-1.383875906467437744e-01
-1.425760865211486816e+00
-9.769094586372375488e-01
-6.947845816612243652e-01
1.025805711746215820e+00
4.905915260314941406e-01
1.186118483543395996e+00
7.762929797172546387e-01
1.257161617279052734e+00
1.765464395284652710e-01
-8.889382481575012207e-01
3.203605860471725464e-02
-1.320860236883163452e-01
7.250722050666809082e-01
1.933846473693847656e-01
1.076657891273498535e+00
6.469163894653320312e-01
-2.581037878990173340e-01
7.824479937553405762e-01
1.004876017570495605e+00
-1.599228084087371826e-01
-2.847769856452941895e-01
5.581251159310340881e-02
1.308494567871093750e+00
-3.193915188312530518e-01
6.144384145736694336e-01
6.179117560386657715e-01
-5.021982267498970032e-02
-7.074509263038635254e-01
-1.567474007606506348e-01
7.384471297264099121e-01
-2.963066101074218750e-01
1.711453199386596680e+00
-8.236885815858840942e-02
-4.489316642284393311e-01
8.361248970031738281e-01
1.135107278823852539e+00
2.165436029434204102e+00
1.391001820564270020e+00
-1.113844752311706543e+00
-1.695344209671020508e+00
1.995662331581115723e+00
-2.878872156143188477e-01
3.953955471515655518e-01
-8.855412602424621582e-01
-2.101217508316040039e+00
-1.435893494635820389e-02
1.273097693920135498e-01
1.074305996298789978e-01
-6.863828301429748535e-01
1.463179707527160645e+00
1.088416695594787598e+00
3.862577080726623535e-01
-5.052765011787414551e-01
4.459420740604400635e-01
5.959085822105407715e-01
9.045811295509338379e-01
-1.160821318626403809e+00
-1.117110610008239746e+00
-5.953198075294494629e-01
1.524895727634429932e-01
8.685610294342041016e-01
3.933595120906829834e-01
1.238497138023376465e+00
-1.019578218460083008e+00
-1.588649034500122070e+00
-9.755498170852661133e-01
-7.833462953567504883e-01
1.209331631660461426e+00
-5.822126269340515137e-01
-7.421068549156188965e-01
-4.147110581398010254e-01
-3.319280147552490234e-01
-7.415468692779541016e-01
2.198330640792846680e+00
1.391384005546569824e+00
-9.890298843383789062e-01
4.315488636493682861e-01
5.800451617687940598e-04
-7.092718482017517090e-01
-5.914391279220581055e-01
-4.210471510887145996e-01
-2.130685091018676758e+00
5.367745161056518555e-01
4.007828235626220703e-01
2.443113774061203003e-01
-2.365403175354003906e-01
5.390847921371459961e-01
8.430016636848449707e-01
4.201085865497589111e-01
-7.986661791801452637e-01
4.778569936752319336e-01
8.168627619743347168e-01
2.342289090156555176e-01
3.007774353027343750e-01
6.481209397315979004e-02
9.715927243232727051e-01
1.015015840530395508e+00
-8.590611219406127930e-01
3.091192431747913361e-02
-2.168034315109252930e-01
3.953732550144195557e-01
-2.076967507600784302e-01
9.736947417259216309e-01
2.208923250436782837e-01
-7.465325593948364258e-01
-1.069624423980712891e+00
1.348254919052124023e+00
2.195327281951904297e-01
-5.963320732116699219e-01
-6.669445037841796875e-01
1.380427956581115723e+00
-9.985535740852355957e-01
-7.594549655914306641e-01
1.358019411563873291e-01
-1.232266783714294434e+00
-1.810098648071289062e+00
1.069100737571716309e+00
-4.191367328166961670e-01
-1.290437102317810059e+00
-1.342142462730407715e+00
-1.313397884368896484e+00
8.586950600147247314e-02
-2.150712721049785614e-02
-2.155185937881469727e-01
5.341606140136718750e-01
-1.268514871597290039e+00
-1.163107633590698242e+00
1.933218091726303101e-01
-6.909702420234680176e-01
-9.134410023689270020e-01
5.918699502944946289e-01
9.916166663169860840e-01
-3.852427899837493896e-01
-6.688479781150817871e-01
-2.031975835561752319e-01
7.490769028663635254e-01
-2.638241052627563477e-01
5.995924472808837891e-01
3.400488197803497314e-01
-4.016079008579254150e-01
1.690042972564697266e+00
1.410636186599731445e+00
1.125127673149108887e+00
-1.227583527565002441e+00
1.593413650989532471e-01
6.083655357360839844e-01
2.182293832302093506e-01
-3.998297154903411865e-01
-6.114192605018615723e-01
9.200353622436523438e-01
4.898748546838760376e-02
7.810571193695068359e-01
-1.473367571830749512e+00
-6.480236053466796875e-01
-1.528922080993652344e+00
5.603017807006835938e-01
1.072600841522216797e+00
6.862165331840515137e-01
-6.173616051673889160e-01
-8.249688744544982910e-01
1.961996257305145264e-01
-2.651051282882690430e-01
1.121790528297424316e+00
1.513721585273742676e+00
-5.821754932403564453e-01
-1.128355041146278381e-02
9.706700444221496582e-01
3.014621697366237640e-02
-2.778456509113311768e-01
-1.492195844650268555e+00
1.024757266044616699e+00
-4.334127902984619141e-02
-1.412607550621032715e+00
9.469695687294006348e-01
1.135750770568847656e+00
-2.468596845865249634e-01
1.192120909690856934e+00
-7.986614108085632324e-01
-7.528067827224731445e-01
9.773788452148437500e-01
2.347590923309326172e-01
-1.415503382682800293e+00
-1.436066254973411560e-02
-7.507810592651367188e-01
-1.826470494270324707e-01
2.823455333709716797e-01
1.838535070419311523e-01
5.752570033073425293e-01
5.007498860359191895e-01
-5.331889390945434570e-01
-1.201721072196960449e+00
2.100678347051143646e-02
6.865888833999633789e-01
4.905643165111541748e-01
-1.756513118743896484e+00
4.639710485935211182e-01
1.948727369308471680e-01
-1.381924867630004883e+00
-1.047102928161621094e+00
8.093464374542236328e-01
1.475825428962707520e+00
2.621431052684783936e-01
2.997176349163055420e-01
1.255225390195846558e-01
-2.532804608345031738e-01
2.216332256793975830e-01
6.530245542526245117e-01
-1.713242083787918091e-01
-6.351237893104553223e-01
-9.363739490509033203e-01
-4.057247638702392578e-01
7.085225731134414673e-02
-3.847217261791229248e-01
2.138817906379699707e-01
-1.103730916976928711e+00
-3.538631498813629150e-01
1.283144474029541016e+00
-1.523662805557250977e+00
-8.332128524780273438e-01
-1.636067777872085571e-01
-8.791922926902770996e-01
-6.099961400032043457e-01
-1.129670977592468262e+00
1.167975187301635742e+00
-4.432291686534881592e-01
1.036586046218872070e+00
-8.484839797019958496e-01
1.113911997526884079e-02
-1.505061030387878418e+00
-5.315375328063964844e-02
-7.171624898910522461e-01
4.243049919605255127e-01
8.460777997970581055e-01
1.713410496711730957e+00
8.064913749694824219e-01
2.203615665435791016e+00
-7.125452756881713867e-01
1.597209572792053223e+00
1.003298759460449219e+00
-5.009866356849670410e-01
6.554857492446899414e-01
3.644984662532806396e-01
1.071370959281921387e+00
7.528281211853027344e-01
1.502562642097473145e+00
9.364100694656372070e-01
9.032726883888244629e-01
-5.858381986618041992e-01
-5.273025035858154297e-01
-6.996414065361022949e-02
3.148208856582641602e-01
-3.571237996220588684e-02
6.864002346992492676e-01
-6.060396432876586914e-01
-7.913528084754943848e-01
1.529495865106582642e-01
-1.196536898612976074e+00
-1.087070927023887634e-01
5.670628324151039124e-02
-1.378826260566711426e+00
6.427765488624572754e-01
-2.766654789447784424e-01
2.168348312377929688e+00
-1.950459241867065430e+00
-2.707256674766540527e-01
1.328084588050842285e+00
-1.016149222850799561e-01
-7.483633756637573242e-01
-6.434937715530395508e-01
1.373261451721191406e+00
1.747569322586059570e+00
4.808109700679779053e-01
-3.907589614391326904e-01
-2.651868164539337158e-01
-2.099727869033813477e+00
8.443916440010070801e-01
-5.678456425666809082e-01
2.331801950931549072e-01
6.136384606361389160e-01
1.037401854991912842e-01
-6.270124912261962891e-01
5.010015368461608887e-01
1.498568415641784668e+00
-2.228606045246124268e-01
-6.731144189834594727e-01
-2.547656893730163574e-01
-1.355972766876220703e+00
1.659319758415222168e+00
4.441217184066772461e-01
-4.163619130849838257e-02
1.276730298995971680e+00
3.207737505435943604e-01
9.828445911407470703e-01
1.852626085281372070e+00
6.662397384643554688e-01
2.425628662109375000e+00
-1.439945101737976074e+00
-1.823443025350570679e-01
8.440855145454406738e-01
1.168994158506393433e-01
-1.264804840087890625e+00
-4.178065657615661621e-01
1.432344555854797363e+00
4.822647273540496826e-01
5.294970870018005371e-01
1.234623670578002930e+00
-1.181574389338493347e-01
-7.423167228698730469e-01
-1.563951373100280762e-01
7.317057847976684570e-01
-1.271506071090698242e+00
-9.437656402587890625e-01
-3.115426898002624512e-01
6.157234907150268555e-01
8.760269284248352051e-01
-2.116083145141601562e+00
-8.508105278015136719e-01
-2.010394334793090820e+00
6.956475973129272461e-01
-7.382148504257202148e-01
7.183585762977600098e-01
3.770167529582977295e-01
1.628964394330978394e-01
4.336280226707458496e-01
5.285465717315673828e-01
4.796395823359489441e-02
-5.126872062683105469e-01
1.386114954948425293e+00
1.313827633857727051e+00
-2.072263658046722412e-01
-5.632599592208862305e-01
-9.733951687812805176e-01
-9.630279541015625000e-01
-1.757034957408905029e-01
5.205733776092529297e-01
1.121016621589660645e+00
-5.620930194854736328e-01
1.665669083595275879e+00
-1.357492208480834961e-01
-8.336679339408874512e-01
-1.233122125267982483e-01
-1.756859064102172852e+00
1.411127924919128418e+00
-3.060428500175476074e-01
-6.142416000366210938e-01
4.443853199481964111e-01
-3.589667677879333496e-01
-1.010161876678466797e+00
7.467041611671447754e-01
-2.324487417936325073e-01
