-7.359848022460937500e-01
-7.546041607856750488e-01
8.556926250457763672e-02
-2.172577857971191406e+00
1.100647091865539551e+00
1.613360196352005005e-01
-3.093416213989257812e+00
-2.687408626079559326e-01
-8.039255440235137939e-02
-2.232151180505752563e-01
1.683662295341491699e+00
7.232736945152282715e-01
-8.269374370574951172e-01
-5.576018691062927246e-01
1.484015703201293945e+00
-4.650432765483856201e-01
1.026069879531860352e+00
-6.944809556007385254e-01
6.172730922698974609e-01
-6.092968583106994629e-01
-2.131001278758049011e-02
2.591207325458526611e-01
-1.848155021667480469e+00
8.165108412504196167e-02
-5.938845276832580566e-01
7.869807630777359009e-02
-9.708673357963562012e-01
-8.254715800285339355e-01
1.426099896430969238e+00
2.476047426462173462e-01
-9.398352354764938354e-02
4.723849594593048096e-01
6.366203427314758301e-01
-1.724096655845642090e+00
5.661538615822792053e-02
4.281595945358276367e-01
1.170574307441711426e+00
1.525966167449951172e+00
-1.895078420639038086e-01
-2.054084539413452148e+00
2.838431596755981445e-01
7.954383492469787598e-01
-6.395806074142456055e-01
4.620552062988281250e-01
-8.894690275192260742e-01
-7.658535242080688477e-01
-4.117585718631744385e-01
8.492203354835510254e-01
1.166922092437744141e+00
1.144266486167907715e+00
6.532180905342102051e-01
-1.058906018733978271e-01
3.934686779975891113e-01
-4.324906468391418457e-01
9.980787634849548340e-01
-1.930399060249328613e+00
5.596621632575988770e-01
-1.259324669837951660e+00
2.099871635437011719e+00
4.996743202209472656e-01
-5.823392271995544434e-01
1.240969538688659668e+00
2.243914157152175903e-01
8.781762123107910156e-01
-1.418104290962219238e+00
9.711045622825622559e-01
2.334253072738647461e+00
8.157838582992553711e-01
6.378405690193176270e-01
3.221004009246826172e-01
-1.677873373031616211e+00
9.940781593322753906e-01
8.552635908126831055e-01
-9.133802652359008789e-01
6.402853131294250488e-01
-5.941238403320312500e-01
6.162493228912353516e-01
-8.716662526130676270e-01
-2.783374786376953125e-01
6.944165565073490143e-03
1.132364988327026367e+00
-2.974963784217834473e-01
1.166468977928161621e+00
-8.553884029388427734e-01
-1.862891674041748047e+00
-2.094879448413848877e-01
6.088117361068725586e-01
7.499542236328125000e-01
9.837003350257873535e-01
1.144002795219421387e+00
5.749180316925048828e-01
-1.518966674804687500e+00
-5.771737098693847656e-01
-1.137639760971069336e+00
-1.103249073028564453e+00
-7.228173017501831055e-01
-1.962505936622619629e+00
-1.107840180397033691e+00
9.555457830429077148e-01
-1.217840313911437988e+00
6.351988762617111206e-02
-1.283340930938720703e+00
1.094474434852600098e+00
-1.872966438531875610e-01
1.643006950616836548e-01
-1.243514776229858398e+00
-1.316010672599077225e-02
-2.112643867731094360e-01
3.908197209239006042e-02
6.162313371896743774e-02
2.391816228628158569e-01
-7.396352887153625488e-01
4.963919520378112793e-01
7.086472511291503906e-01
-3.188975155353546143e-02
-1.131059765815734863e+00
1.195098161697387695e+00
1.244329810142517090e+00
-2.277793735265731812e-02
-4.243692755699157715e-01
8.870535492897033691e-01
3.341387957334518433e-02
-8.157954216003417969e-01
5.305729433894157410e-02
-1.708639740943908691e+00
-3.298475146293640137e-01
6.118248701095581055e-01
-7.167317271232604980e-01
