-6.218121051788330078e-01
-1.968490779399871826e-01
3.653932511806488037e-01
1.634069681167602539e-01
7.236528396606445312e-01
3.910848200321197510e-01
2.278053611516952515e-01
2.326359748840332031e-01
9.356704354286193848e-01
1.534764766693115234e+00
-2.801411449909210205e-01
8.782517910003662109e-01
-8.972908258438110352e-01
-7.881473898887634277e-01
-6.927209496498107910e-01
8.705854415893554688e-01
-1.002143621444702148e+00
-6.420451998710632324e-01
4.520592689514160156e-01
2.032765150070190430e-01
5.294671058654785156e-01
-7.725427746772766113e-01
3.971193432807922363e-01
-6.417973339557647705e-02
-4.995310008525848389e-01
-8.738159537315368652e-01
2.000133037567138672e+00
7.699428796768188477e-01
-3.120367042720317841e-02
1.211979508399963379e+00
3.931635320186614990e-01
1.101561784744262695e+00
-2.017848752439022064e-02
1.629869699478149414e+00
1.260377168655395508e+00
-6.791962776333093643e-03
1.124772667884826660e+00
6.751894950866699219e-01
-1.959140747785568237e-01
-4.278680384159088135e-01
5.694397687911987305e-01
9.737402200698852539e-01
4.529553651809692383e-01
-2.963369786739349365e-01
5.616564154624938965e-01
1.884400725364685059e+00
-5.239037275314331055e-01
9.611795544624328613e-01
3.038727045059204102e-01
2.150684893131256104e-01
1.771263360977172852e+00
-6.344188749790191650e-02
-7.317224144935607910e-01
-5.699900388717651367e-01
8.429506421089172363e-01
1.103913187980651855e+00
8.847271800041198730e-01
6.654853820800781250e-01
4.244496524333953857e-01
-6.334798932075500488e-01
2.092416286468505859e+00
2.069673240184783936e-01
2.679727971553802490e-01
-1.584648638963699341e-01
6.902359724044799805e-01
3.186951279640197754e-01
-5.953562632203102112e-02
1.233522057533264160e+00
-1.030210494995117188e+00
-9.851904958486557007e-02
2.348797082901000977e+00
-5.137140303850173950e-02
-7.715432047843933105e-01
-1.157542943954467773e+00
1.184069752693176270e+00
-3.273276388645172119e-01
1.154518604278564453e+00
1.410985469818115234e+00
2.616481184959411621e-01
-1.396861553192138672e+00
-7.052477002143859863e-01
-6.074461340904235840e-01
2.362563461065292358e-01
6.947351992130279541e-02
-3.202323019504547119e-01
1.001676440238952637e+00
-4.479010999202728271e-01
-1.416693091392517090e+00
3.483956158161163330e-01
-1.267590880393981934e+00
3.120332956314086914e-01
-7.257049083709716797e-01
6.789394021034240723e-01
-4.686473906040191650e-01
1.238808110356330872e-01
-3.768458068370819092e-01
9.005397558212280273e-01
7.895196080207824707e-01
2.374250888824462891e+00
1.198035478591918945e+00
-2.189676091074943542e-02
1.072280108928680420e-02
-1.918777823448181152e+00
-3.404195308685302734e-01
-9.741409420967102051e-01
1.694947957992553711e+00
2.031348466873168945e+00
4.820266067981719971e-01
1.073923110961914062e-01
-8.825577497482299805e-01
-4.471671879291534424e-01
2.642388343811035156e-01
-8.756574988365173340e-01
1.548651695251464844e+00
1.242919921875000000e+00
-9.604392647743225098e-01
8.795618414878845215e-01
1.861675620079040527e+00
4.920272901654243469e-02
9.309461116790771484e-01
-1.256441771984100342e-01
3.499547541141510010e-01
-2.500375270843505859e+00
2.137405872344970703e+00
2.183494567871093750e+00
-1.662020325660705566e+00
-1.125093623995780945e-01
-1.481806993484497070e+00
-6.766840815544128418e-01
1.635341525077819824e+00
5.960649996995925903e-02
-6.808765530586242676e-01
-2.044085711240768433e-01
2.678632037714123726e-03
-2.563222050666809082e-01
-2.458124309778213501e-01
-1.276331543922424316e-01
-2.771716378629207611e-02
5.525378584861755371e-01
-1.269042491912841797e-01
1.806475222110748291e-01
4.015458524227142334e-01
-5.690347552299499512e-01
2.358642667531967163e-01
-1.566211938858032227e+00
1.009763360023498535e+00
-4.327174425125122070e-01
-1.037546634674072266e+00
4.373018443584442139e-02
1.720669865608215332e+00
-8.454886674880981445e-01
4.132647514343261719e-01
-1.863376796245574951e-01
2.867354750633239746e-01
1.426094025373458862e-01
4.583094269037246704e-02
9.203369170427322388e-02
1.563587188720703125e+00
1.026487231254577637e+00
-1.770498394966125488e+00
1.444604098796844482e-01
-8.550643324851989746e-01
1.188682794570922852e+00
-1.171876549720764160e+00
1.865406781435012817e-01
5.544574856758117676e-01
-2.231407910585403442e-01
3.120860457420349121e-01
-7.684774398803710938e-01
6.656627357006072998e-02
-3.419639468193054199e-01
1.459598541259765625e+00
-1.417337656021118164e+00
-2.311148643493652344e-01
-1.225112795829772949e+00
-6.113246083259582520e-02
-8.784316182136535645e-01
-4.801529347896575928e-01
-2.672601044178009033e-01
-6.052788496017456055e-01
8.213347792625427246e-01
-1.816622018814086914e-01
-3.262994289398193359e-01
-9.040663838386535645e-01
3.248552605509757996e-02
8.192960619926452637e-01
-6.683980226516723633e-01
6.328993439674377441e-01
8.907342702150344849e-02
4.499995112419128418e-01
-2.004864960908889771e-01
-2.717834711074829102e-01
8.244863748550415039e-01
-1.147633790969848633e+00
5.820526480674743652e-01
-3.157243728637695312e-01
3.284675180912017822e-01
1.342317014932632446e-01
-1.979889720678329468e-01
3.478001952171325684e-01
-9.733030796051025391e-01
2.199982255697250366e-01
-8.501954078674316406e-01
6.825757622718811035e-01
-9.499794840812683105e-01
3.543965220451354980e-01
-6.205441355705261230e-01
8.395970463752746582e-01
-6.067932248115539551e-01
1.297437548637390137e+00
-1.433271169662475586e+00
-7.436564564704895020e-01
1.700768768787384033e-01
-7.118897438049316406e-01
6.002309322357177734e-01
-7.036921381950378418e-02
2.188288420438766479e-01
1.204264640808105469e+00
-3.140136599540710449e-01
1.373175621032714844e+00
-1.379598259925842285e+00
1.279646158218383789e+00
4.543365538120269775e-01
6.309919953346252441e-01
-8.755740523338317871e-01
-7.689407467842102051e-02
-1.317376375198364258e+00
1.210221052169799805e+00
3.610178232192993164e-01
-1.012872576713562012e+00
8.583190441131591797e-01
5.002788454294204712e-02
-1.598425954580307007e-01
8.431662619113922119e-02
2.478315681219100952e-01
-1.367599010467529297e+00
-1.249663233757019043e+00
7.591448426246643066e-01
-8.411581516265869141e-01
-3.456450998783111572e-01
-8.169535398483276367e-01
2.977449893951416016e-01
-9.052802920341491699e-01
-1.299865245819091797e+00
8.357151150703430176e-01
8.954557776451110840e-01
-1.534692794084548950e-01
-4.264667332172393799e-01
1.427417635917663574e+00
1.027682423591613770e+00
9.724799990653991699e-01
2.361084520816802979e-01
7.437951564788818359e-01
-8.789085745811462402e-01
-1.954090833663940430e+00
5.039456486701965332e-01
-5.890011191368103027e-01
4.126421809196472168e-01
-9.241458177566528320e-01
-1.977951228618621826e-01
8.468333482742309570e-01
7.254099845886230469e-01
-1.548702865839004517e-01
3.916485309600830078e-01
2.413603961467742920e-01
2.685413062572479248e-01
-4.778949320316314697e-01
-1.352070450782775879e+00
6.782943010330200195e-01
-4.972151815891265869e-01
8.980702757835388184e-01
-4.825128614902496338e-01
-6.369462609291076660e-02
1.340035915374755859e+00
4.800749719142913818e-01
-5.198057293891906738e-01
8.720576763153076172e-02
-5.629247054457664490e-02
-1.086626768112182617e+00
-4.993496239185333252e-01
8.886502385139465332e-01
-1.627610683441162109e+00
4.520971179008483887e-01
-1.758764863014221191e+00
-2.345241904258728027e-01
-1.004786789417266846e-01
3.366113454103469849e-02
-4.113277196884155273e-01
-9.021753072738647461e-01
1.691393971443176270e+00
6.475083827972412109e-01
-1.326070189476013184e+00
3.404479026794433594e+00
2.895763516426086426e-01
4.062951207160949707e-01
4.992225766181945801e-01
-1.322188973426818848e+00
4.694352746009826660e-01
7.909264415502548218e-02
1.300585389137268066e+00
-2.190963327884674072e-01
-1.747333854436874390e-01
1.553090572357177734e+00
-1.251078546047210693e-01
9.819816350936889648e-01
2.539296634495258331e-02
-7.108652591705322266e-01
2.987713217735290527e-01
1.252559781074523926e+00
1.356834053993225098e+00
-1.013932704925537109e+00
-1.191712379455566406e+00
5.942506790161132812e-01
-8.063773512840270996e-01
-1.801185011863708496e+00
1.049725431948900223e-02
1.340515017509460449e+00
9.366340637207031250e-01
1.618539541959762573e-01
6.610611677169799805e-01
-1.008385062217712402e+00
-8.671532869338989258e-01
-3.597088158130645752e-01
-3.240451812744140625e-01
6.053236126899719238e-01
1.189939737319946289e+00
-1.511059403419494629e-01
-9.740152359008789062e-01
-5.079805254936218262e-01
-6.094505190849304199e-01
3.223735392093658447e-01
-9.154524207115173340e-01
1.341360569000244141e+00
-2.700873315334320068e-01
2.280535221099853516e+00
-5.909191370010375977e-01
-2.696497142314910889e-01
7.788918018341064453e-01
-1.112649679183959961e+00
7.135478854179382324e-01
-1.399683952331542969e+00
-2.159101724624633789e+00
1.156888961791992188e+00
-2.648090124130249023e-01
6.550363898277282715e-01
-4.167668521404266357e-01
1.364150404930114746e+00
-1.752553284168243408e-01
2.167700678110122681e-01
-9.853138327598571777e-01
4.920838475227355957e-01
-5.131100416183471680e-01
3.795575797557830811e-01
7.587094306945800781e-01
1.097757935523986816e+00
-1.590389013290405273e+00
-2.811281085014343262e-01
2.678403072059154510e-02
7.782756686210632324e-01
-1.966000348329544067e-01
4.089119732379913330e-01
7.274800539016723633e-02
-3.872715532779693604e-01
-6.561858057975769043e-01
2.470042854547500610e-01
1.150514125823974609e+00
-7.427774667739868164e-01
7.366530299186706543e-01
1.243656873703002930e+00
6.944931745529174805e-01
7.136019468307495117e-01
-3.091887012124061584e-02
7.029988765716552734e-01
6.838542819023132324e-01
5.926489233970642090e-01
-1.673460841178894043e+00
-1.288411915302276611e-01
5.334306359291076660e-01
-6.521635651588439941e-01
1.129968762397766113e+00
-1.450776755809783936e-01
-4.149473607540130615e-01
-1.063709974288940430e+00
-1.849882304668426514e-01
8.444824218750000000e-01
1.629413247108459473e+00
6.684048175811767578e-01
1.777769327163696289e-01
6.693974137306213379e-01
-4.374967217445373535e-01
7.737928032875061035e-01
-1.532438039779663086e+00
1.192842483520507812e+00
-1.789801418781280518e-01
-3.848415017127990723e-01
5.792368054389953613e-01
-1.101920604705810547e-01
-3.960044682025909424e-01
-1.765070110559463501e-01
1.679751574993133545e-01
5.254193544387817383e-01
8.522026538848876953e-01
-6.839572191238403320e-01
-3.965628147125244141e-02
5.380466580390930176e-01
1.508530139923095703e+00
-1.005313992500305176e+00
-5.716691613197326660e-01
2.178606092929840088e-01
-1.880409836769104004e+00
-7.738049030303955078e-01
-8.035880327224731445e-01
-1.661699533462524414e+00
1.278666615486145020e+00
-4.916866123676300049e-01
-2.380086034536361694e-01
-2.055452018976211548e-01
4.395472109317779541e-01
2.891967594623565674e-01
-1.087817311286926270e+00
8.500337600708007812e-02
1.214587211608886719e+00
5.430069565773010254e-01
-3.912868499755859375e-01
-5.852546095848083496e-01
-6.082860231399536133e-01
1.343914985656738281e+00
5.618791282176971436e-02
1.034022927284240723e+00
-4.837280511856079102e-01
-1.406194925308227539e+00
-6.399686932563781738e-01
-5.171361565589904785e-01
-1.600340008735656738e-01
-8.062703609466552734e-01
1.828203499317169189e-01
-1.066982030868530273e+00
6.058508157730102539e-01
5.486316680908203125e-01
-1.022089838981628418e+00
1.727009773254394531e+00
5.007961392402648926e-01
1.506113052368164062e+00
1.649288773536682129e+00
-1.940286993980407715e+00
9.979946017265319824e-01
-5.680670738220214844e-01
-4.536757767200469971e-01
-1.086935400962829590e+00
1.290802955627441406e-01
1.216774582862854004e-01
9.324580430984497070e-01
9.531993418931961060e-02
6.709087491035461426e-01
6.246169805526733398e-01
1.284552693367004395e+00
1.766565084457397461e+00
-1.267813682556152344e+00
7.461316585540771484e-01
7.984688878059387207e-02
1.980501860380172729e-01
4.034816622734069824e-01
-8.383029699325561523e-01
-4.270891249179840088e-01
2.441747039556503296e-01
-1.269047141075134277e+00
-1.026781722903251648e-01
4.474596679210662842e-01
9.626199305057525635e-02
-6.202720478177070618e-02
5.580049157142639160e-01
1.235612273216247559e+00
-2.775216102600097656e-02
-1.861623302102088928e-02
1.198949813842773438e+00
4.707637727260589600e-01
-8.461663722991943359e-01
3.327464684844017029e-02
-3.552488982677459717e-01
-3.123880736529827118e-02
8.020457029342651367e-01
-1.023295402526855469e+00
-1.553642898797988892e-01
1.192705392837524414e+00
3.192248940467834473e-01
-2.727144658565521240e-01
1.045947670936584473e+00
-1.524686217308044434e-01
-9.858009219169616699e-01
8.842357993125915527e-01
1.874762624502182007e-01
-4.734613895416259766e-01
-6.048819422721862793e-01
8.782868981361389160e-01
-4.563271403312683105e-01
3.384523689746856689e-01
-1.418700218200683594e+00
7.505046725273132324e-01
-2.893223762512207031e-01
2.123116403818130493e-01
-3.651254773139953613e-01
-9.729884266853332520e-01
-1.128072381019592285e+00
8.611673116683959961e-01
-4.482982456684112549e-01
5.048139095306396484e-01
3.248770236968994141e-01
-2.925073914229869843e-02
-1.263996124267578125e+00
-8.759238719940185547e-01
1.282938241958618164e+00
-7.330433726310729980e-01
6.268642842769622803e-02
1.489301681518554688e+00
-5.312726497650146484e-01
1.736745685338973999e-01
-9.714952111244201660e-01
-4.525953531265258789e-01
8.222461938858032227e-01
-9.016150236129760742e-01
7.775373458862304688e-01
-1.320790648460388184e+00
1.586276769638061523e+00
-1.540197134017944336e-01
-6.845787167549133301e-01
1.755575835704803467e-01
1.444125026464462280e-01
8.176513314247131348e-01
-8.171705007553100586e-01
7.186141610145568848e-01
-1.046950578689575195e+00
1.781116604804992676e+00
1.818219542503356934e+00
-7.084637135267257690e-02
-1.685584068298339844e+00
-7.643919438123703003e-02
6.699216365814208984e-01
2.809669375419616699e-01
8.599587678909301758e-01
7.629922032356262207e-01
-1.087491735816001892e-01
-9.963434934616088867e-01
-1.217672377824783325e-01
-7.516751438379287720e-02
1.592337787151336670e-01
1.447768568992614746e+00
-5.173469334840774536e-02
-6.657562851905822754e-01
5.852496623992919922e-01
-1.328464627265930176e+00
-8.498904109001159668e-01
1.631239652633666992e-01
5.372598767280578613e-01
-1.049131274223327637e+00
1.198413595557212830e-01
1.264042377471923828e+00
8.018042892217636108e-02
1.099739193916320801e+00
2.039845734834671021e-01
3.180789351463317871e-01
-3.030857741832733154e-01
-6.449647545814514160e-01
-3.948734402656555176e-01
-3.394959494471549988e-03
3.612417355179786682e-02
-1.818225979804992676e-01
1.032556533813476562e+00
8.070566654205322266e-01
-5.175574421882629395e-01
-4.827716350555419922e-01
1.172566890716552734e+00
-3.212537467479705811e-01
1.983677387237548828e+00
-1.368083715438842773e+00
-1.948974877595901489e-01
7.696207761764526367e-01
-1.136690258979797363e+00
1.090377807617187500e+00
-1.508928537368774414e+00
1.125612854957580566e+00
-3.032721877098083496e-01
4.722321629524230957e-01
1.902504682540893555e+00
-2.459105014801025391e+00
1.230966806411743164e+00
-4.201255738735198975e-01
6.110197901725769043e-01
1.320112049579620361e-01
1.530212163925170898e-01
-8.953339457511901855e-01
-2.413882315158843994e-01
7.955181002616882324e-01
-9.926357865333557129e-02
-1.696483731269836426e+00
6.836577653884887695e-01
1.765368223190307617e+00
4.846523106098175049e-01
-2.632807493209838867e-01
-9.707118868827819824e-01
1.065896511077880859e+00
-4.876617193222045898e-01
5.668618679046630859e-01
-8.180366754531860352e-01
-1.799196898937225342e-01
-6.363647580146789551e-01
1.222754001617431641e+00
-1.180893301963806152e+00
1.934040069580078125e+00
1.521457731723785400e-01
4.081963300704956055e-01
2.347017675638198853e-01
-1.022849798202514648e+00
-3.268250524997711182e-01
-5.920403823256492615e-02
-8.391105532646179199e-01
8.700201511383056641e-01
2.277098894119262695e-01
-2.909843623638153076e-01
-4.473271667957305908e-01
-6.889420002698898315e-02
-7.465448975563049316e-01
1.564568281173706055e-02
6.296111941337585449e-01
-1.388581991195678711e-01
-4.299826323986053467e-01
1.375471949577331543e+00
1.010207533836364746e+00
-1.482659697532653809e+00
7.516878098249435425e-02
5.356296896934509277e-01
-4.817190021276473999e-02
7.490329742431640625e-01
3.536015450954437256e-01
1.274430274963378906e+00
1.335708022117614746e+00
9.734238982200622559e-01
-4.628674685955047607e-01
2.013203382492065430e+00
-1.949106812477111816e+00
-4.835062325000762939e-01
-1.079568266868591309e+00
2.388118356466293335e-01
6.416004300117492676e-01
-4.797064512968063354e-02
9.495044499635696411e-02
6.420943140983581543e-01
1.134949177503585815e-01
1.078601717948913574e+00
7.615530490875244141e-02
-1.493915021419525146e-01
-4.584743082523345947e-01
-1.077077761292457581e-01
1.715642809867858887e-01
-1.732151389122009277e+00
-4.688411355018615723e-01
-1.149296522140502930e+00
1.349982261657714844e+00
4.102136492729187012e-01
6.646344065666198730e-01
-8.021768331527709961e-01
-1.815186262130737305e+00
-3.306441903114318848e-01
1.460415005683898926e+00
-2.227890342473983765e-01
-1.737769246101379395e-01
-4.696650803089141846e-02
-1.240925192832946777e-01
-1.500099897384643555e+00
5.030007362365722656e-01
8.979377895593643188e-02
-6.288478374481201172e-01
-8.933623135089874268e-02
-6.845220327377319336e-01
2.459353208541870117e-01
-4.838171303272247314e-01
-4.055650830268859863e-01
7.325371503829956055e-01
3.576746284961700439e-01
7.344786524772644043e-01
1.063170790672302246e+00
9.747971296310424805e-01
6.862674951553344727e-01
-3.144673705101013184e-01
-5.735318660736083984e-01
-1.012993693351745605e+00
-1.366723537445068359e+00
-5.758032798767089844e-01
9.142591357231140137e-01
-2.508399963378906250e+00
-7.092013359069824219e-01
5.797545313835144043e-01
1.716398596763610840e+00
-8.785361647605895996e-01
-6.758707165718078613e-01
2.834759950637817383e-01
6.572706699371337891e-01
4.610554128885269165e-02
8.794479072093963623e-02
-9.166820049285888672e-01
-5.421052500605583191e-02
-1.321766853332519531e+00
4.724527001380920410e-01
-3.891206681728363037e-01
5.289033055305480957e-01
2.197161614894866943e-01
8.702036924660205841e-03
1.800282001495361328e-01
-8.268237709999084473e-01
9.076221585273742676e-01
-1.250738382339477539e+00
1.169196367263793945e+00
5.650324821472167969e-01
3.856528103351593018e-01
-9.416819214820861816e-01
-1.473077178001403809e+00
5.245556831359863281e-01
2.249810099601745605e-01
2.431358098983764648e-01
-9.295231103897094727e-01
1.450279474258422852e+00
-2.705540060997009277e-01
-4.239869117736816406e-01
-7.743827998638153076e-02
2.024917364120483398e+00
5.960986018180847168e-01
-9.837554693222045898e-01
-8.201676011085510254e-01
-1.972199827432632446e-01
-1.526858508586883545e-01
-8.127929568290710449e-01
2.105900645256042480e-01
-9.757173657417297363e-01
6.265959143638610840e-02
-1.527237445116043091e-01
4.579278230667114258e-01
3.054205179214477539e-01
1.022828340530395508e+00
-2.507223188877105713e-01
4.431728720664978027e-01
7.120301127433776855e-01
2.180110931396484375e+00
-1.309790015220642090e+00
4.079051017761230469e-01
5.071859955787658691e-01
-1.905458867549896240e-01
-4.247509241104125977e-01
1.002624034881591797e+00
6.550061106681823730e-01
-1.004779338836669922e+00
-8.156682848930358887e-01
-6.026234626770019531e-01
1.661182522773742676e+00
1.324099451303482056e-01
1.136116907000541687e-01
-5.086439847946166992e-01
6.023874506354331970e-02
1.067803502082824707e+00
-9.012059569358825684e-01
-9.934859871864318848e-01
-1.352952718734741211e-01
1.697843223810195923e-01
-1.131447792053222656e+00
7.019501179456710815e-02
-3.865897953510284424e-01
-6.009327769279479980e-01
-1.994213581085205078e+00
1.276604533195495605e-01
-2.805396020412445068e-01
2.738452553749084473e-01
-9.303040057420730591e-02
-1.372760176658630371e+00
7.124830484390258789e-01
-4.438433051109313965e-01
9.737826585769653320e-01
-1.012692332267761230e+00
3.559483587741851807e-01
3.718726634979248047e-01
1.118276238441467285e+00
8.939587473869323730e-01
8.637468218803405762e-01
-1.554996073246002197e-01
-1.276987195014953613e+00
7.370651513338088989e-02
-1.528360247611999512e+00
3.705673217773437500e-01
-4.896377325057983398e-01
-6.951158642768859863e-01
1.117821484804153442e-01
7.042550444602966309e-01
1.613926440477371216e-01
-2.361737191677093506e-01
-3.371280804276466370e-02
3.872351348400115967e-01
6.675428152084350586e-01
-2.580463886260986328e+00
8.083205223083496094e-01
-4.853651225566864014e-01
-1.953857421875000000e+00
-5.629327893257141113e-01
4.662496447563171387e-01
-1.130193948745727539e+00
7.502322643995285034e-02
1.939863085746765137e+00
1.209035396575927734e+00
3.740420639514923096e-01
9.142091870307922363e-01
-9.084843993186950684e-01
2.770364046096801758e+00
1.876451253890991211e+00
2.791014909744262695e-01
1.800484061241149902e-01
1.800746619701385498e-01
-1.542686939239501953e+00
2.377031892538070679e-01
6.476245522499084473e-01
-9.119282960891723633e-01
-4.924135208129882812e-01
7.088837027549743652e-01
1.279631614685058594e+00
2.375164330005645752e-01
5.469585210084915161e-02
-1.437795400619506836e+00
2.714411616325378418e-01
5.814423561096191406e-01
4.196155071258544922e-01
-4.153560101985931396e-01
4.108656942844390869e-01
-1.232636809349060059e+00
9.830548614263534546e-02
-5.359771847724914551e-01
-6.537309885025024414e-01
-4.686979651451110840e-01
-3.847201168537139893e-01
-5.108880996704101562e-01
-4.449818134307861328e-01
5.659483075141906738e-01
-1.104618549346923828e+00
1.949947625398635864e-01
-8.593302965164184570e-01
9.859390854835510254e-01
9.712808132171630859e-01
9.336861968040466309e-02
-3.210005164146423340e-01
-1.216151237487792969e+00
-3.157830238342285156e-01
-1.166155576705932617e+00
1.220969200134277344e+00
-4.067584574222564697e-01
-6.971504688262939453e-01
1.081290841102600098e+00
5.436068177223205566e-01
-1.367505550384521484e+00
-9.202105402946472168e-01
-9.688841104507446289e-01
6.075839400291442871e-01
7.462239861488342285e-01
-3.178412616252899170e-01
1.732646860182285309e-02
2.003818511962890625e+00
-2.338510006666183472e-01
-1.635881364345550537e-01
-3.613925278186798096e-01
4.902933239936828613e-01
-1.929229348897933960e-01
2.280557602643966675e-01
-1.025910377502441406e+00
3.396769165992736816e-01
8.418376743793487549e-02
-1.281391978263854980e+00
-1.624699115753173828e+00
9.830629825592041016e-01
8.195039629936218262e-02
-4.942738115787506104e-01
3.378389179706573486e-01
5.923318266868591309e-01
2.364102602005004883e+00
1.008648872375488281e-01
-2.590602934360504150e-01
9.920748472213745117e-01
6.037955880165100098e-01
6.465889513492584229e-02
3.042517423629760742e+00
2.248708456754684448e-01
-3.987533152103424072e-01
3.213160037994384766e-01
-1.346106082201004028e-01
2.789177298545837402e-01
-1.807601928710937500e+00
5.714350938796997070e-01
-4.596546888351440430e-01
-1.832511425018310547e-01
4.567794501781463623e-01
-1.229013323783874512e+00
-2.601076960563659668e-01
-1.119933009147644043e+00
4.534369409084320068e-01
2.159648202359676361e-02
5.278411507606506348e-01
9.591138958930969238e-01
-1.623478531837463379e-02
1.619431734085083008e+00
9.014273285865783691e-01
1.186289489269256592e-01
9.840128421783447266e-01
-6.547398865222930908e-02
3.596108639612793922e-03
6.364239752292633057e-02
5.925835967063903809e-01
1.377300143241882324e+00
-1.247016668319702148e+00
-9.975576996803283691e-01
-2.268890380859375000e+00
-1.473478198051452637e+00
-3.131609261035919189e-01
6.727798283100128174e-02
-5.383368730545043945e-01
-6.557222604751586914e-01
3.899517059326171875e-01
-3.793532550334930420e-01
2.320848226547241211e+00
4.676214158535003662e-01
-3.056961297988891602e-01
-5.130807161331176758e-01
7.759761810302734375e-01
3.959142602980136871e-03
1.339398920536041260e-01
3.876572474837303162e-02
3.954449295997619629e-01
-2.773649096488952637e-01
-2.244708061218261719e+00
9.239544272422790527e-01
3.500132262706756592e-01
1.881681084632873535e-01
-2.753826044499874115e-02
7.651771306991577148e-01
-1.167933225631713867e+00
-1.062298059463500977e+00
-5.832903385162353516e-01
3.335626423358917236e-01
9.975454211235046387e-02
2.447418570518493652e-01
7.106694579124450684e-02
1.160220861434936523e+00
4.145385324954986572e-01
-5.710354819893836975e-02
-1.870243549346923828e-01
2.929144799709320068e-01
-4.160184860229492188e-01
-6.909472942352294922e-01
4.968892633914947510e-01
-1.165353059768676758e+00
1.223646402359008789e+00
-1.294020414352416992e+00
4.631341993808746338e-01
1.110079050064086914e+00
3.254956901073455811e-01
6.177075505256652832e-01
1.786978691816329956e-01
-3.994941115379333496e-01
3.270937129855155945e-02
-2.058731466531753540e-01
3.006847202777862549e-01
7.167601585388183594e-01
4.642039835453033447e-01
3.312184214591979980e-01
6.545270085334777832e-01
-2.177400141954421997e-01
9.054834246635437012e-01
-3.599913418292999268e-01
-3.838558495044708252e-01
1.271137952804565430e+00
2.175374925136566162e-01
2.586217880249023438e+00
-1.936746716499328613e+00
4.301523864269256592e-01
-1.111536383628845215e+00
-1.270277380943298340e+00
-1.703425049781799316e+00
-2.973167002201080322e-01
2.932902276515960693e-01
3.503426611423492432e-01
1.789818555116653442e-01
-6.968631744384765625e-01
-4.003139585256576538e-02
1.038254857063293457e+00
2.037316188216209412e-02
-6.462934613227844238e-01
-2.392902523279190063e-01
1.582377195358276367e+00
8.885917067527770996e-01
2.706267535686492920e-01
-1.698935925960540771e-01
2.094505280256271362e-01
7.661381363868713379e-01
-5.420408560894429684e-04
5.386476516723632812e-01
1.034069433808326721e-01
4.194582700729370117e-01
-3.146560788154602051e-01
1.851979255676269531e+00
