-3.195898234844207764e-01
-4.791183173656463623e-01
-1.327862501144409180e+00
9.764046072959899902e-01
-7.078489661216735840e-01
-4.916731119155883789e-01
1.514536589384078979e-01
2.846509218215942383e-01
3.691667914390563965e-01
-2.337778732180595398e-02
-7.930591106414794922e-01
-7.532713413238525391e-01
1.336042284965515137e+00
1.269254088401794434e+00
-1.000380396842956543e+00
7.197882533073425293e-01
1.760018873028457165e-03
1.642748832702636719e+00
-4.043711125850677490e-01
-6.454636454582214355e-01
-8.732054829597473145e-01
-1.581768870353698730e+00
6.818582187406718731e-04
6.809594631195068359e-01
-3.346165716648101807e-01
-6.108248233795166016e-01
-9.145770668983459473e-01
-8.660039901733398438e-01
-1.736216545104980469e-01
-1.347195029258728027e+00
5.792207717895507812e-01
-2.119854986667633057e-01
-5.816450715065002441e-01
1.951769471168518066e+00
6.310653090476989746e-01
-4.591650366783142090e-01
1.180008519440889359e-02
9.499841928482055664e-01
4.522801637649536133e-01
-2.760707736015319824e-01
6.418857574462890625e-01
-1.301329016685485840e+00
7.387658953666687012e-01
-2.641743123531341553e-01
2.924393713474273682e-01
1.091768026351928711e+00
-1.400699257850646973e+00
2.910174429416656494e-01
-4.062149226665496826e-01
-7.767250537872314453e-01
1.463692545890808105e+00
4.236740767955780029e-01
-1.681762218475341797e+00
2.078778982162475586e+00
4.506621360778808594e-01
-6.725901365280151367e-01
8.040680885314941406e-01
1.080712437629699707e+00
1.431831479072570801e+00
2.718331217765808105e-01
4.275288879871368408e-01
-1.068292975425720215e+00
9.287896752357482910e-01
-2.932300567626953125e-01
-2.123567461967468262e-02
1.713140606880187988e-01
4.503614902496337891e-01
6.546950936317443848e-01
-7.505353689193725586e-01
1.233307719230651855e+00
-1.523593515157699585e-01
-7.501763701438903809e-01
9.095920920372009277e-01
2.480984330177307129e-01
-6.826319694519042969e-01
-7.083893418312072754e-01
4.065031707286834717e-01
1.097424983978271484e+00
1.094806075096130371e+00
-5.533851981163024902e-01
4.092056453227996826e-01
2.032094240188598633e+00
6.903556734323501587e-02
7.904472947120666504e-01
5.857227444648742676e-01
-1.243684053421020508e+00
7.202905416488647461e-01
1.693787276744842529e-01
-2.042773365974426270e-01
2.240837663412094116e-01
-1.691258400678634644e-01
-3.208415210247039795e-01
-6.374996304512023926e-01
-6.460832953453063965e-01
-2.262492626905441284e-01
6.183856725692749023e-01
-4.627737998962402344e-01
6.592481136322021484e-01
-1.459353208541870117e+00
2.419436275959014893e-01
1.624019384384155273e+00
7.751880288124084473e-01
-5.253815650939941406e-01
5.452650785446166992e-02
1.272818207740783691e+00
6.209415793418884277e-01
-1.091684579849243164e+00
-5.595590472221374512e-01
8.243041038513183594e-01
2.516528069972991943e-01
-5.151414871215820312e-01
1.038458108901977539e+00
6.106167435646057129e-01
-8.044333457946777344e-01
1.731000304222106934e+00
-2.994719147682189941e-01
-1.540597200393676758e+00
-1.142232343554496765e-01
-1.200195848941802979e-01
9.989052414894104004e-01
-4.557419195771217346e-02
5.958459973335266113e-01
1.567709207534790039e+00
1.002727508544921875e+00
-2.336392179131507874e-02
-2.028783261775970459e-01
2.581195235252380371e-01
-8.113604187965393066e-01
-1.188714861869812012e+00
-5.591545701026916504e-01
1.045632600784301758e+00
1.558426856994628906e+00
-4.901917874813079834e-01
-5.340682864189147949e-01
-9.627704620361328125e-01
-2.885705471038818359e+00
1.493947356939315796e-01
1.228246837854385376e-03
-5.951070189476013184e-01
1.064750909805297852e+00
5.183132290840148926e-01
-3.793953657150268555e-01
-2.072752952575683594e+00
3.111649155616760254e-01
3.068834841251373291e-01
1.735715150833129883e+00
-1.367427468299865723e+00
-6.494389176368713379e-01
2.410614043474197388e-01
-7.530328035354614258e-01
-3.647556304931640625e-01
-8.916526436805725098e-01
-1.413753181695938110e-01
-1.102959737181663513e-01
-6.148651838302612305e-01
-3.147600591182708740e-01
1.106118202209472656e+00
1.599810361862182617e+00
-1.028939843177795410e+00
5.050899386405944824e-01
-1.448406934738159180e+00
-5.776225030422210693e-02
-1.165055036544799805e+00
9.882495999336242676e-01
7.269361019134521484e-01
2.996609508991241455e-01
8.189076185226440430e-01
1.042500257492065430e+00
1.520640492439270020e+00
2.719999253749847412e-01
-2.722396254539489746e-01
9.765490293502807617e-01
-7.148699164390563965e-01
-1.070063233375549316e+00
-7.172022759914398193e-02
-5.100695043802261353e-02
4.591134786605834961e-01
4.571029245853424072e-01
-4.917239546775817871e-01
6.049172878265380859e-01
-1.535955518484115601e-01
-5.169257521629333496e-01
-1.117023229598999023e-01
-1.102044582366943359e-01
-1.169734954833984375e+00
-1.476226747035980225e-01
1.396021544933319092e-01
-4.275289177894592285e-01
9.571868777275085449e-01
-1.751118302345275879e+00
4.870532453060150146e-01
-1.476558089256286621e+00
-1.043685197830200195e+00
-5.006784200668334961e-01
-8.003088235855102539e-01
-7.937543988227844238e-01
-1.435130685567855835e-01
3.221670985221862793e-01
4.659402966499328613e-01
-7.959535121917724609e-01
5.480754971504211426e-01
-1.647646576166152954e-01
-1.156432151794433594e+00
1.171784639358520508e+00
1.354139089584350586e+00
-8.550024032592773438e-02
-5.079981088638305664e-01
9.674030542373657227e-01
-3.992389515042304993e-02
-7.830394506454467773e-01
-1.000629663467407227e+00
-7.415666580200195312e-01
1.272691369056701660e+00
1.310841143131256104e-01
3.294027149677276611e-01
1.504763245582580566e+00
-9.142575412988662720e-02
3.612959384918212891e-02
4.827781319618225098e-01
1.240202426910400391e+00
-2.139233797788619995e-01
1.621393561363220215e+00
1.515021800994873047e+00
5.215716361999511719e-01
-1.484079122543334961e+00
-8.142983317375183105e-01
6.855657696723937988e-01
3.481087982654571533e-01
-1.651756912469863892e-01
-1.466169595718383789e+00
-7.838228940963745117e-01
-5.821503996849060059e-01
1.808528006076812744e-01
6.878495812416076660e-01
-3.248527646064758301e-01
-1.809562593698501587e-01
1.983882635831832886e-01
3.906700015068054199e-01
-1.625856399536132812e+00
1.139283657073974609e+00
-4.329367578029632568e-01
-5.362287163734436035e-01
1.324539065361022949e+00
-8.717190623283386230e-01
9.794636964797973633e-01
-1.212533831596374512e+00
1.462710857391357422e+00
-2.947868108749389648e-01
-4.659279286861419678e-01
-4.414275884628295898e-01
-5.119421482086181641e-01
-8.493164777755737305e-01
-7.080369591712951660e-01
7.609260678291320801e-01
-1.047230482101440430e+00
4.572450816631317139e-01
-1.856118589639663696e-01
-2.939530014991760254e-01
-6.448647379875183105e-01
1.446878910064697266e+00
-3.837217390537261963e-01
-1.764834642410278320e+00
-4.723983630537986755e-02
-9.532630443572998047e-01
-2.461215972900390625e+00
8.180111050605773926e-01
1.140681385993957520e+00
1.023404955863952637e+00
1.274018168449401855e+00
3.326996862888336182e-01
1.395010575652122498e-02
-1.055213332176208496e+00
6.351779103279113770e-01
-2.252550050616264343e-02
-7.233432680368423462e-02
1.336007952690124512e+00
-1.821218967437744141e+00
-3.412143290042877197e-01
1.872969985008239746e+00
1.672017216682434082e+00
-5.358971357345581055e-01
9.788635969161987305e-01
-7.945533394813537598e-01
1.055334042757749557e-02
1.543591618537902832e+00
7.861822843551635742e-01
1.079980969429016113e+00
1.491676211357116699e+00
1.427012324333190918e+00
6.719953417778015137e-01
-8.104614019393920898e-01
4.585862457752227783e-01
-1.075092911720275879e+00
-7.518436312675476074e-01
6.070408821105957031e-01
-6.433694958686828613e-01
-8.975437879562377930e-01
2.956919074058532715e-01
-5.362383723258972168e-01
-9.118856787681579590e-01
-1.516447812318801880e-01
3.618256449699401855e-01
-2.902728915214538574e-01
8.314090371131896973e-01
-2.116636753082275391e+00
8.868822455406188965e-02
-1.152809023857116699e+00
-9.897248446941375732e-02
1.072988867759704590e+00
-5.496156811714172363e-01
1.371214389801025391e+00
1.642259806394577026e-01
-4.785962402820587158e-01
-5.596168637275695801e-01
1.956149488687515259e-01
-3.027571737766265869e-01
2.552993409335613251e-02
9.433026909828186035e-01
1.272250175476074219e+00
-4.295625165104866028e-02
-1.826189994812011719e+00
1.129194021224975586e+00
7.372860312461853027e-01
-5.028943419456481934e-01
4.246991574764251709e-01
1.835284829139709473e-01
1.035928606986999512e+00
8.310932517051696777e-01
-4.443920254707336426e-01
-7.822503447532653809e-01
2.700409889221191406e-01
3.500193655490875244e-01
6.840218901634216309e-01
-3.267677724361419678e-01
-1.261030197143554688e+00
6.443691849708557129e-01
-1.434387683868408203e+00
6.848576068878173828e-01
6.963740289211273193e-02
-7.294828295707702637e-01
-1.772053688764572144e-01
-2.158641219139099121e-01
2.021094858646392822e-01
1.430409550666809082e-01
-1.487710475921630859e+00
2.697744369506835938e-01
-4.554249942302703857e-01
2.876019775867462158e-01
-1.141144752502441406e+00
5.576445460319519043e-01
-1.334813833236694336e+00
8.176597952842712402e-01
2.130380272865295410e-01
8.879727125167846680e-01
4.257409647107124329e-02
4.505929946899414062e-01
-4.690002501010894775e-01
1.909525156021118164e+00
-3.559508621692657471e-01
1.829649686813354492e+00
5.310858488082885742e-01
-2.018649280071258545e-01
8.652253746986389160e-01
4.791013002395629883e-01
1.850101351737976074e-01
-7.957593798637390137e-01
2.405120134353637695e-01
-5.165614932775497437e-02
1.787314772605895996e+00
-1.739645600318908691e+00
-1.693056583404541016e+00
-5.295313596725463867e-01
5.477479696273803711e-01
1.492662191390991211e+00
2.724217474460601807e-01
5.170206353068351746e-02
9.241875410079956055e-01
-1.595007419586181641e+00
2.971167266368865967e-01
-8.367909193038940430e-01
-1.420688271522521973e+00
-2.999677956104278564e-01
2.441150188446044922e+00
1.363602280616760254e+00
-1.310509681701660156e+00
-8.302106708288192749e-02
-1.437725424766540527e+00
-9.484896436333656311e-03
1.421788781881332397e-01
4.826739728450775146e-01
-4.254460930824279785e-01
5.522189736366271973e-01
4.071215689182281494e-01
-7.923781275749206543e-01
-1.365603327751159668e+00
1.211706399917602539e+00
-7.198598384857177734e-01
-1.630219340324401855e+00
-4.889062643051147461e-01
-5.489251017570495605e-02
-9.916540980339050293e-01
-2.448004782199859619e-01
1.309283137321472168e+00
-6.232658028602600098e-01
-2.506672143936157227e-01
1.712711095809936523e+00
9.680125713348388672e-01
5.186319351196289062e-01
-2.540422976016998291e-01
-1.186968803405761719e+00
2.681429862976074219e+00
9.265587925910949707e-01
-4.325826466083526611e-01
2.165379822254180908e-01
1.734868139028549194e-01
-1.544500946998596191e+00
4.899143427610397339e-02
-4.581901431083679199e-01
8.555346727371215820e-02
7.851799130439758301e-01
-1.420198008418083191e-02
-1.036462709307670593e-01
3.121249377727508545e-01
2.100467205047607422e+00
3.196058273315429688e-01
1.507680267095565796e-01
-9.608677625656127930e-01
7.092783451080322266e-01
3.873797059059143066e-01
-7.779732346534729004e-01
-7.158544659614562988e-01
-7.220879793167114258e-01
-1.744554400444030762e+00
-2.571873366832733154e-02
1.103588819503784180e+00
3.420156836509704590e-01
-2.095832973718643188e-01
3.660448268055915833e-02
-1.527490973472595215e+00
4.287967383861541748e-01
8.150298893451690674e-02
1.413867592811584473e+00
7.166588306427001953e-02
8.012580871582031250e-01
-4.183555841445922852e-01
-4.976533353328704834e-01
-3.070171475410461426e-01
-6.649197340011596680e-01
-8.236592411994934082e-01
9.230845570564270020e-01
-7.106637954711914062e-01
7.312598824501037598e-01
1.273697912693023682e-01
1.215616583824157715e+00
1.016680955886840820e+00
2.479978084564208984e+00
2.346163988113403320e-01
7.284462451934814453e-01
1.213662475347518921e-01
-1.279254794120788574e+00
-1.161498129367828369e-01
-2.394069284200668335e-01
1.993433386087417603e-01
1.054283380508422852e-01
-1.317261159420013428e-01
-7.185206413269042969e-01
-3.827130794525146484e-01
1.420127630233764648e+00
-6.806761026382446289e-01
1.467238664627075195e-01
-8.570457696914672852e-01
-7.776507139205932617e-01
-2.730694413185119629e-01
8.152061104774475098e-01
7.431532740592956543e-01
-5.384252071380615234e-01
-1.356501936912536621e+00
1.033897995948791504e+00
-1.897236406803131104e-01
-2.591642737388610840e-01
-1.563440918922424316e+00
-1.356839537620544434e+00
5.082659125328063965e-01
9.371792078018188477e-01
8.436651229858398438e-01
1.982025146484375000e+00
1.233151674270629883e+00
1.317125707864761353e-01
-1.181132435798645020e+00
-6.659727096557617188e-01
-5.191644430160522461e-01
1.962057501077651978e-01
-4.624548852443695068e-01
-1.583203673362731934e+00
8.893082737922668457e-01
9.174332618713378906e-01
-5.468487739562988281e-01
1.424462199211120605e+00
-1.695746898651123047e+00
-8.289754986763000488e-01
-1.428194403648376465e+00
-6.937173604965209961e-01
-7.368503212928771973e-01
1.814141273498535156e-01
6.966133713722229004e-01
-7.679215669631958008e-01
6.459823250770568848e-01
4.613606035709381104e-01
-8.041460514068603516e-01
4.430561363697052002e-01
-1.118667244911193848e+00
1.151580736041069031e-01
7.200365662574768066e-01
6.608323007822036743e-02
-9.792206287384033203e-01
2.067267656326293945e+00
-1.085682392120361328e+00
-6.518511772155761719e-01
-8.192006945610046387e-01
-3.569900393486022949e-01
9.181109666824340820e-01
-8.591505885124206543e-01
-1.420798063278198242e+00
-4.588280320167541504e-01
-8.077566027641296387e-01
-1.869978070259094238e+00
-5.540267229080200195e-01
-1.187771201133728027e+00
-1.171087861061096191e+00
1.028899908065795898e+00
-5.677444338798522949e-01
5.576526522636413574e-01
5.415307283401489258e-01
-6.609190106391906738e-01
4.301261007785797119e-01
1.019858837127685547e+00
-1.026723027229309082e+00
1.602899283170700073e-01
-4.298144876956939697e-01
4.334922730922698975e-01
-9.730877876281738281e-01
-7.988885045051574707e-01
-4.749156236648559570e-01
-1.255169272422790527e+00
-2.931688129901885986e-01
6.442582607269287109e-01
9.296707063913345337e-02
1.054391503334045410e+00
-3.185223042964935303e-01
-4.325849711894989014e-01
-4.200943708419799805e-01
-6.472048759460449219e-01
1.747711181640625000e+00
1.647046804428100586e-01
5.034400224685668945e-01
1.865219622850418091e-01
4.960607886314392090e-01
9.600778222084045410e-01
1.541620958596467972e-02
1.274317383766174316e+00
4.106795415282249451e-02
5.781199932098388672e-01
3.844918906688690186e-01
-1.489187479019165039e+00
-1.362745761871337891e-01
-1.595123410224914551e+00
1.299919605255126953e+00
4.639372825622558594e-01
7.903716564178466797e-01
-7.512109279632568359e-01
8.671239018440246582e-01
-1.525032520294189453e+00
1.732385396957397461e+00
-2.649523913860321045e-01
1.155146718025207520e+00
5.907374620437622070e-01
-3.113718330860137939e-01
-5.377439856529235840e-01
-2.618917524814605713e-01
-2.002344578504562378e-01
1.461962461471557617e+00
-6.868700385093688965e-01
5.342644453048706055e-01
9.638618826866149902e-01
-4.255213737487792969e-01
-1.605737507343292236e-01
6.957693099975585938e-01
1.731031179428100586e+00
7.918587923049926758e-01
-1.061636686325073242e+00
-6.343044042587280273e-01
-1.458653569221496582e+00
-1.307180523872375488e+00
8.681462407112121582e-01
3.541383147239685059e-01
5.624434947967529297e-01
-2.063388109207153320e+00
7.121458649635314941e-01
-2.474562078714370728e-01
-1.132529139518737793e+00
-3.296426832675933838e-01
-3.270482122898101807e-01
1.313979268074035645e+00
1.308804303407669067e-01
4.507135152816772461e-01
1.163213372230529785e+00
5.123654007911682129e-01
-1.090399920940399170e-01
1.005002975463867188e+00
-1.318786889314651489e-01
-6.220747828483581543e-01
-4.578308463096618652e-01
2.153797000646591187e-01
-2.201712131500244141e+00
1.050165653228759766e+00
-2.081264019012451172e+00
-2.636497914791107178e-01
-5.077600479125976562e-01
4.581080973148345947e-01
3.852210640907287598e-01
-1.358301043510437012e+00
-9.193567931652069092e-02
-9.409955143928527832e-01
-1.170105576515197754e+00
-3.717126324772834778e-02
4.087079167366027832e-01
1.536595076322555542e-01
3.369868500158190727e-03
1.764215826988220215e+00
-1.011095121502876282e-01
-2.387176752090454102e+00
-2.895514369010925293e-01
1.435230765491724014e-02
9.553028941154479980e-01
-8.362849354743957520e-01
2.538030780851840973e-02
-1.378896594047546387e+00
-1.836408302187919617e-02
2.234411090612411499e-01
-9.026275873184204102e-01
-8.076719045639038086e-01
3.441441059112548828e-01
2.848073840141296387e-01
-8.617908358573913574e-01
1.118013620376586914e+00
3.541665673255920410e-01
1.445195198059082031e+00
-1.588153362274169922e+00
2.260848999023437500e+00
6.830494403839111328e-01
4.548919796943664551e-01
-6.484991312026977539e-02
-1.665025830268859863e+00
-1.667347192764282227e+00
5.866419151425361633e-02
-3.580745160579681396e-01
8.907760381698608398e-01
-1.499454021453857422e+00
-3.391529023647308350e-01
7.906362414360046387e-01
-3.988775610923767090e-01
-3.732290565967559814e-01
1.316416263580322266e+00
-7.023044824600219727e-01
2.553359270095825195e-01
-3.316048383712768555e-01
8.791266083717346191e-01
-3.625221848487854004e-01
-8.564742803573608398e-01
1.853678941726684570e+00
-2.373918890953063965e-01
9.815557301044464111e-02
-6.435059905052185059e-01
-9.696353077888488770e-01
-6.892230361700057983e-02
6.954367160797119141e-01
-1.166764497756958008e+00
-6.487032175064086914e-01
-6.178578138351440430e-01
-1.321351528167724609e+00
1.037583313882350922e-02
-2.200229912996292114e-01
-4.838460311293601990e-02
-3.805805444717407227e-01
-4.300509691238403320e-01
-6.419965028762817383e-01
-1.697935760021209717e-01
-5.919830203056335449e-01
9.571444392204284668e-01
1.368107557296752930e+00
-1.189379841089248657e-01
1.386554837226867676e+00
5.037941336631774902e-01
-1.857300758361816406e+00
-6.443917751312255859e-01
-8.342055976390838623e-02
-3.827823102474212646e-01
-5.239094495773315430e-01
7.619939446449279785e-01
7.681508362293243408e-02
1.180715411901473999e-01
2.321475595235824585e-01
7.476632595062255859e-01
9.889982342720031738e-01
-4.858329594135284424e-01
-4.767188429832458496e-01
1.077140212059020996e+00
-1.333229780197143555e+00
6.895405054092407227e-01
6.021830439567565918e-01
1.269044876098632812e-01
9.074469804763793945e-01
-2.039913982152938843e-01
5.755311250686645508e-01
1.542310267686843872e-01
1.731409430503845215e+00
1.430695772171020508e+00
-8.654888272285461426e-01
-4.547199308872222900e-01
9.542346596717834473e-01
1.927311539649963379e+00
9.708344936370849609e-01
-8.838052749633789062e-01
-3.538156300783157349e-02
-2.921749651432037354e-01
1.655124187469482422e+00
-2.184226661920547485e-01
-1.668363094329833984e+00
8.103169202804565430e-01
9.164962172508239746e-01
-2.315495610237121582e-01
1.334619522094726562e+00
2.519094944000244141e-01
-4.459789097309112549e-01
2.335859537124633789e+00
-2.698127031326293945e-01
6.703582406044006348e-01
5.391032695770263672e-01
9.802328348159790039e-01
1.246909737586975098e+00
-1.159963250160217285e+00
-1.390205264091491699e+00
-6.699746102094650269e-02
-7.669069766998291016e-01
5.181631445884704590e-01
-1.110296726226806641e+00
1.016568467020988464e-01
1.254940390586853027e+00
1.337031126022338867e+00
-1.086796402931213379e+00
-1.770143747329711914e+00
4.059959352016448975e-01
-4.949173033237457275e-01
-1.193538427352905273e+00
-2.757961452007293701e-01
1.285998225212097168e+00
-1.199954986572265625e+00
1.408895730972290039e+00
-1.793990135192871094e-01
-1.403751611709594727e+00
5.492019057273864746e-01
-8.071116805076599121e-01
-7.937032729387283325e-03
-8.375083804130554199e-01
6.459566354751586914e-01
-2.220218479633331299e-01
1.326678633689880371e+00
9.673848748207092285e-01
-3.772862255573272705e-01
2.661029994487762451e-01
-1.440882980823516846e-01
-4.084088802337646484e-01
-1.312994360923767090e-01
-2.816811390221118927e-02
5.750784873962402344e-01
-4.837129712104797363e-01
-7.625485062599182129e-01
4.201788306236267090e-01
-5.346103906631469727e-01
4.414623379707336426e-01
4.663102924823760986e-01
-3.706040382385253906e-01
1.568068861961364746e-01
-3.114514946937561035e-01
-4.184969067573547363e-01
7.872971296310424805e-01
-8.688703179359436035e-01
2.245108336210250854e-01
-4.983137845993041992e-01
8.102364093065261841e-02
4.299879372119903564e-01
1.611302196979522705e-01
1.864709138870239258e+00
-4.549707174301147461e-01
-8.030920475721359253e-02
-1.193827509880065918e+00
-1.243703484535217285e+00
-8.845223784446716309e-01
-2.686077170073986053e-02
4.117350280284881592e-01
5.956730991601943970e-02
-5.987298488616943359e-01
-1.534387946128845215e+00
-1.135023236274719238e+00
1.389240145683288574e+00
1.290012598037719727e+00
-8.763777017593383789e-01
-1.158478140830993652e+00
1.016361474990844727e+00
1.055683732032775879e+00
-7.151628136634826660e-01
-8.161492943763732910e-01
-2.512557208538055420e-01
-4.374718666076660156e-01
-3.626450598239898682e-01
-7.041624784469604492e-01
-1.158169031143188477e+00
1.052822113037109375e+00
-1.581096768379211426e+00
2.522288858890533447e-01
1.393268164247274399e-02
5.264501571655273438e-01
-1.521929502487182617e+00
2.432386875152587891e-01
-1.108567938208580017e-01
8.182086944580078125e-01
8.701285719871520996e-02
7.500535994768142700e-02
1.066196680068969727e+00
-4.259985685348510742e-01
9.137715101242065430e-01
1.308422446250915527e+00
4.068984985351562500e-01
-4.450808763504028320e-01
-1.276348233222961426e+00
-1.383451104164123535e+00
1.248266577720642090e+00
-1.164197325706481934e-01
-1.946482419967651367e+00
5.813288316130638123e-02
-5.963655710220336914e-01
2.169091440737247467e-02
-1.368234515190124512e+00
-3.195957243442535400e-01
-1.763693451881408691e+00
-7.539139389991760254e-01
2.258906364440917969e+00
-2.193913161754608154e-01
-1.479450583457946777e+00
-9.328235983848571777e-01
-1.589654535055160522e-01
9.460613131523132324e-01
3.020721375942230225e-01
5.112305879592895508e-01
-4.295958578586578369e-01
9.594754576683044434e-01
-5.552104115486145020e-01
1.240911245346069336e+00
-8.170200586318969727e-01
-8.036426901817321777e-01
5.873559713363647461e-01
5.454938411712646484e-01
2.680911421775817871e-01
6.215648651123046875e-01
1.080763116478919983e-01
6.585017442703247070e-01
-4.103315770626068115e-01
-7.947864532470703125e-01
8.409718871116638184e-01
-1.359216809272766113e+00
-1.825581341981887817e-01
-6.800409555435180664e-01
-1.290522575378417969e+00
7.041386514902114868e-02
1.784875616431236267e-02
-6.669106483459472656e-01
-3.154132962226867676e-01
1.623594015836715698e-01
6.367554664611816406e-01
3.506124615669250488e-01
-6.964672207832336426e-01
9.469894170761108398e-01
-1.414454698562622070e+00
-7.263367176055908203e-01
-1.709834933280944824e+00
9.183662533760070801e-01
-1.667030453681945801e+00
-8.712470531463623047e-01
1.084082841873168945e+00
3.951794505119323730e-01
9.600614309310913086e-01
-4.560593962669372559e-01
-1.557650089263916016e+00
-4.548612833023071289e-01
2.239765524864196777e-01
-2.600043714046478271e-01
6.560739874839782715e-01
-7.159386277198791504e-01
-1.332677125930786133e+00
-7.112512588500976562e-01
-1.016511201858520508e+00
3.684375882148742676e-01
2.617650270462036133e+00
-2.977726757526397705e-01
8.950445055961608887e-01
2.713745832443237305e-01
7.796660065650939941e-02
-2.990567386150360107e-01
-3.479252755641937256e-02
-1.142586588859558105e+00
5.097134709358215332e-01
-1.053015589714050293e+00
1.871051639318466187e-02
-1.660605788230895996e+00
-1.187837362289428711e+00
8.050729632377624512e-01
1.553810954093933105e+00
-1.504454612731933594e+00
6.787350028753280640e-02
-6.595280170440673828e-01
-8.657296299934387207e-01
-7.679903507232666016e-01
8.214297890663146973e-01
-4.912864863872528076e-01
-1.961863040924072266e-01
3.657655417919158936e-01
2.636427581310272217e-01
1.988346815109252930e+00
4.608057141304016113e-01
-3.105011582374572754e-01
-9.951204657554626465e-01
1.490413993597030640e-01
1.443098783493041992e+00
-4.166854619979858398e-01
-5.643577501177787781e-02
4.416238963603973389e-01
-6.473732739686965942e-02
6.961839795112609863e-01
7.865324616432189941e-01
-4.226300865411758423e-02
-8.647118210792541504e-01
-8.481030464172363281e-01
1.925431340932846069e-01
5.947218537330627441e-01
-4.051523208618164062e-01
2.555266320705413818e-01
8.584919571876525879e-01
2.918118536472320557e-01
-8.007038235664367676e-01
-1.759727895259857178e-01
5.922416448593139648e-01
-7.884500622749328613e-01
-2.865445613861083984e-01
4.408239424228668213e-01
3.713476657867431641e-02
-1.882338970899581909e-01
3.545834720134735107e-01
9.758917093276977539e-01
2.161433100700378418e-01
-9.272205233573913574e-01
2.585847675800323486e-01
-1.277479648590087891e+00
3.372232019901275635e-01
7.023375630378723145e-01
1.121718049049377441e+00
-1.853159070014953613e-01
5.353779196739196777e-01
-1.723678708076477051e+00
1.371191263198852539e+00
-6.679210066795349121e-01
-3.607951700687408447e-01
8.411056399345397949e-01
-6.844330579042434692e-02
7.150880992412567139e-02
-1.027960538864135742e+00
-6.488740444183349609e-01
2.732402980327606201e-01
-1.095921635627746582e+00
1.591680645942687988e-01
1.280881315469741821e-01
-8.095634579658508301e-01
4.667145311832427979e-01
-1.246558070182800293e+00
6.026806235313415527e-01
7.688086628913879395e-01
7.408600449562072754e-01
-1.974180489778518677e-01
1.249410629272460938e+00
-4.585678279399871826e-01
5.067982077598571777e-01
-1.149193525314331055e+00
1.000693291425704956e-01
7.890313118696212769e-02
5.245810151100158691e-01
1.076910257339477539e+00
2.008551359176635742e+00
-1.068531751632690430e+00
1.200331598520278931e-01
-7.174238562583923340e-01
-9.176986813545227051e-01
