-1.168352007865905762e+00
1.324750036001205444e-01
-1.132084131240844727e+00
-1.647446751594543457e+00
2.925193309783935547e-01
1.608250588178634644e-01
-1.263094544410705566e+00
-3.732391893863677979e-01
5.920307040214538574e-01
-3.157809376716613770e-02
2.054160594940185547e+00
-3.372384309768676758e-01
2.961783409118652344e-01
2.274762243032455444e-01
8.607826828956604004e-01
-1.293482482433319092e-01
-1.478385180234909058e-01
-8.772378563880920410e-01
2.644231796264648438e+00
6.163110733032226562e-01
1.081342816352844238e+00
1.816070526838302612e-01
-1.040822625160217285e+00
3.947269916534423828e-01
6.539339423179626465e-01
-3.167907893657684326e-01
-4.974789321422576904e-01
-1.021053910255432129e+00
1.652868986129760742e+00
-2.274100631475448608e-01
8.610139489173889160e-01
6.570593118667602539e-01
-1.102614641189575195e+00
1.668272852897644043e+00
1.999939531087875366e-01
-1.235552430152893066e+00
-8.502720594406127930e-01
1.605783700942993164e+00
1.844167232513427734e+00
-4.242312014102935791e-01
-1.121806874871253967e-01
7.096493244171142578e-01
1.740626931190490723e+00
1.091545939445495605e+00
-8.996628522872924805e-01
7.233574390411376953e-01
1.012178897857666016e+00
-7.783200740814208984e-01
9.722475707530975342e-02
5.146021246910095215e-01
-1.706609725952148438e+00
5.356131196022033691e-01
-8.315420746803283691e-01
3.330713510513305664e-01
6.956505179405212402e-01
1.317051291465759277e+00
4.925092756748199463e-01
-1.573034882545471191e+00
-2.507703602313995361e-01
-1.275217890739440918e+00
8.475611805915832520e-01
-1.734972953796386719e+00
-3.237617313861846924e-01
3.524414300918579102e-01
2.879931926727294922e+00
9.646678715944290161e-02
-1.339972466230392456e-01
5.461534112691879272e-02
-3.257405161857604980e-01
-1.022323966026306152e+00
4.776716530323028564e-01
1.397746086120605469e+00
6.623160243034362793e-01
1.005118563771247864e-01
8.511316180229187012e-01
6.876524090766906738e-01
-1.873971581459045410e+00
7.535898685455322266e-01
3.182963728904724121e-01
-7.336806505918502808e-02
9.865191578865051270e-02
8.878351449966430664e-01
-2.613389253616333008e+00
-3.826718032360076904e-01
-3.073761165142059326e-01
-5.524788498878479004e-01
-5.691064000129699707e-01
-3.923916220664978027e-01
-1.452372193336486816e+00
-1.133410334587097168e+00
2.371414564549922943e-02
8.631468415260314941e-01
3.890017271041870117e-01
9.118830561637878418e-01
1.667166948318481445e-01
-1.858557462692260742e-01
-1.149229168891906738e+00
1.268046975135803223e+00
2.111579775810241699e-01
-1.560674428939819336e+00
5.547226667404174805e-01
-3.772003650665283203e+00
-2.890979647636413574e-01
1.384340643882751465e+00
1.130137518048286438e-01
-1.307550549507141113e+00
1.833535552024841309e+00
2.756441831588745117e-01
4.258368909358978271e-01
-8.230509757995605469e-01
-8.380362391471862793e-01
-3.035093545913696289e-01
-1.294601321220397949e+00
5.217686295509338379e-01
2.116336107254028320e+00
-1.578745126724243164e+00
-3.976324498653411865e-01
-3.671274483203887939e-01
-7.174516469240188599e-02
-4.328794777393341064e-01
-1.226241707801818848e+00
-5.645798444747924805e-01
-1.600436925888061523e+00
-1.442107915878295898e+00
1.758025050163269043e+00
1.916316628456115723e+00
2.327968835830688477e+00
-9.597502350807189941e-01
