-6.587503552436828613e-01
-3.548243939876556396e-01
-5.332633256912231445e-01
-1.707229495048522949e+00
-2.138470411300659180e+00
-5.836881995201110840e-01
-8.498013019561767578e-01
1.885356664657592773e+00
-5.392374992370605469e-01
-8.437106013298034668e-02
1.489762663841247559e+00
-1.390471681952476501e-02
-1.640408158302307129e+00
3.577428162097930908e-01
1.211555480957031250e+00
-1.732787966728210449e+00
1.120018601417541504e+00
2.410076558589935303e-01
-1.285163998603820801e+00
-6.386726498603820801e-01
9.915355443954467773e-01
-1.145578920841217041e-01
-1.218377113342285156e+00
-8.861020207405090332e-02
6.594499945640563965e-01
-1.357792466878890991e-01
-4.414609968662261963e-01
-7.336466908454895020e-01
-4.875126779079437256e-01
1.419101476669311523e+00
1.179416298866271973e+00
1.190334081649780273e+00
-6.265883445739746094e-01
-1.301320672035217285e+00
-5.112213268876075745e-02
-2.255360931158065796e-01
-1.062761619687080383e-01
-1.243769004940986633e-01
4.416328966617584229e-01
1.530283212661743164e+00
-1.458073973655700684e+00
9.075260758399963379e-01
1.503939628601074219e+00
1.899837851524353027e+00
-2.223022729158401489e-01
-2.492191314697265625e+00
-4.887709617614746094e-01
-9.540094733238220215e-01
4.888583421707153320e-01
-4.850801527500152588e-01
-7.670611143112182617e-01
3.848707079887390137e-01
1.560453176498413086e+00
9.236788749694824219e-01
2.141275405883789062e+00
-4.330992698669433594e-01
-7.302539944648742676e-01
-2.589418888092041016e+00
4.370555281639099121e-02
3.183371573686599731e-02
9.041385650634765625e-01
1.503121107816696167e-01
6.737616062164306641e-01
1.295378684997558594e+00
-2.348488867282867432e-01
1.815614998340606689e-01
1.408434033393859863e+00
9.112497568130493164e-01
-3.591873645782470703e-01
-5.647401139140129089e-02
-1.117014288902282715e+00
2.243404865264892578e+00
1.623324632644653320e+00
-3.604580461978912354e-01
-6.423525810241699219e-01
-4.757012128829956055e-01
-2.004118412733078003e-01
2.536419928073883057e-01
-5.728206038475036621e-01
-6.396837830543518066e-01
1.302850395441055298e-01
8.477338552474975586e-01
-8.761699795722961426e-01
5.857107639312744141e-01
-1.274243474006652832e+00
-1.401839137077331543e+00
-3.314338326454162598e-01
5.663993358612060547e-01
-2.446627989411354065e-02
5.037734508514404297e-01
-1.779665470123291016e+00
-8.744978904724121094e-01
-1.085158109664916992e+00
-7.603426575660705566e-01
4.830749928951263428e-01
-6.336867213249206543e-01
1.909907162189483643e-01
-1.978214383125305176e+00
-8.438182473182678223e-01
7.070518285036087036e-02
2.515875995159149170e-01
-1.679976582527160645e+00
-2.956930100917816162e-01
7.804425954818725586e-01
-9.509846568107604980e-01
-1.604171991348266602e+00
2.482558786869049072e-01
3.306355476379394531e-01
1.011337876319885254e+00
6.438721418380737305e-01
3.414737284183502197e-01
1.150819182395935059e+00
1.241925880312919617e-01
9.610390663146972656e-01
6.217965483665466309e-02
-5.975184440612792969e-01
-6.193210482597351074e-01
-4.587096273899078369e-01
-3.033944368362426758e-01
1.692813187837600708e-01
1.586977839469909668e-01
7.951314449310302734e-01
-3.508468568325042725e-01
-3.862909376621246338e-01
-8.197150826454162598e-01
8.337324261665344238e-01
1.844736337661743164e+00
5.187714006751775742e-03
