5.751575157046318054e-02
6.262694597244262695e-01
-8.211490511894226074e-01
1.389896035194396973e+00
-2.133871555328369141e+00
-1.324602603912353516e+00
-8.820783495903015137e-01
-5.666549205780029297e-01
-1.291057348251342773e+00
4.751712083816528320e-01
4.869406819343566895e-01
-2.047696337103843689e-02
-6.433219909667968750e-01
1.179839372634887695e+00
5.532736778259277344e-01
6.521170735359191895e-01
-5.462841689586639404e-02
1.944270730018615723e-01
-6.635412573814392090e-01
-1.012224435806274414e+00
5.627768039703369141e-01
-1.278001427650451660e+00
-1.909595966339111328e+00
-1.271641016006469727e+00
2.382078915834426880e-01
-3.425407111644744873e-01
5.502487421035766602e-01
-1.077422220259904861e-02
-1.147220730781555176e+00
3.115781396627426147e-02
9.603046625852584839e-02
8.485336303710937500e-01
-2.528924643993377686e-01
-5.142472684383392334e-02
-9.852164983749389648e-01
2.356125265359878540e-01
5.433407425880432129e-01
9.104946851730346680e-01
-1.986565232276916504e+00
-1.072631835937500000e+00
1.456462025642395020e+00
1.122067570686340332e+00
-2.047554999589920044e-01
1.234895586967468262e-01
1.280770421028137207e+00
2.108982086181640625e+00
-5.060499906539916992e-01
5.758681893348693848e-01
8.117730021476745605e-01
-1.182135581970214844e+00
2.412863373756408691e-01
-8.091564774513244629e-01
-7.257212996482849121e-01
-1.064805835485458374e-01
6.144111752510070801e-01
6.086561679840087891e-01
-1.544652223587036133e+00
9.806265830993652344e-01
-8.945994973182678223e-01
-1.078259944915771484e+00
1.541545540094375610e-01
-9.276867508888244629e-01
5.160248875617980957e-01
-1.768577814102172852e+00
8.236824870109558105e-01
1.246952891349792480e+00
5.565367341041564941e-01
-1.029557704925537109e+00
1.571913242340087891e+00
7.019599080085754395e-01
1.198334932327270508e+00
1.072352766990661621e+00
-3.748946487903594971e-01
-1.046933889389038086e+00
1.328623294830322266e+00
-3.685686290264129639e-01
1.742756605148315430e+00
1.065772771835327148e+00
-2.291416376829147339e-01
-3.443739414215087891e-01
-1.253337502479553223e+00
2.438880950212478638e-01
-1.278965592384338379e+00
9.723769873380661011e-02
-1.518329977989196777e+00
-9.833296537399291992e-01
1.653774082660675049e-01
-1.438113212585449219e+00
1.079098105430603027e+00
-5.472894906997680664e-01
1.787026643753051758e+00
9.073837995529174805e-01
1.146576285362243652e+00
-6.943550705909729004e-01
-1.042156696319580078e+00
2.001585364341735840e-01
8.029342293739318848e-01
3.380213081836700439e-01
1.102817654609680176e-01
1.447442173957824707e+00
-9.395387172698974609e-01
6.010676175355911255e-02
-5.599973350763320923e-02
-9.217618703842163086e-01
-7.571075558662414551e-01
-4.994854032993316650e-01
4.051161408424377441e-01
-1.817207813262939453e+00
6.576741114258766174e-03
4.577872753143310547e-01
-4.172013401985168457e-01
-6.847616434097290039e-01
1.116949439048767090e+00
-3.744651377201080322e-01
-1.975268572568893433e-01
1.030660867691040039e+00
1.139160275459289551e+00
-4.044871330261230469e-01
-1.953841447830200195e+00
2.181748002767562866e-01
-1.882020473480224609e+00
-6.345481872558593750e-01
5.803267359733581543e-01
-7.161104679107666016e-01
-1.471831917762756348e+00
-4.721005260944366455e-01
4.315684437751770020e-01
-8.738030791282653809e-01
4.624921977519989014e-01
-1.148848056793212891e+00
4.443615078926086426e-01
7.624203562736511230e-01
-2.623861134052276611e-01
-6.864876747131347656e-01
-2.080492377281188965e-01
-7.209174036979675293e-01
6.604624390602111816e-01
-7.425596117973327637e-01
1.242820918560028076e-01
2.957498729228973389e-01
1.191768348217010498e-01
1.215779542922973633e+00
2.684728056192398071e-02
8.975297808647155762e-01
3.745002746582031250e-01
5.630229711532592773e-01
-7.070073485374450684e-01
1.048920512199401855e+00
-3.530535697937011719e-01
4.346286356449127197e-01
-6.526955366134643555e-01
-2.064125984907150269e-01
5.990602374076843262e-01
1.481320261955261230e+00
8.250107765197753906e-01
-1.254839777946472168e+00
8.550994396209716797e-01
-5.599647760391235352e-01
1.172497510910034180e+00
9.930118322372436523e-01
1.505336165428161621e-01
1.397590041160583496e+00
-4.804006814956665039e-01
2.168213427066802979e-01
-2.870144248008728027e-01
1.194926142692565918e+00
-1.421074509620666504e+00
-5.873159170150756836e-01
1.096146821975708008e+00
5.089142546057701111e-02
9.785579144954681396e-02
1.452589929103851318e-01
5.931810140609741211e-01
-5.656862854957580566e-01
1.487429141998291016e-01
6.008213162422180176e-01
-6.062281727790832520e-01
3.086067140102386475e-01
-1.090681791305541992e+00
-7.206025123596191406e-01
-1.593592017889022827e-01
1.100545525550842285e+00
-2.207581520080566406e+00
3.276322185993194580e-01
4.389524983707815409e-04
-1.634888529777526855e+00
4.160300493240356445e-01
3.315693378448486328e+00
-2.209324538707733154e-01
-1.215749621391296387e+00
-1.039845943450927734e+00
3.029113113880157471e-01
6.925051212310791016e-01
8.489033579826354980e-01
-3.257072865962982178e-01
-6.207147836685180664e-01
2.599377036094665527e-01
3.648093640804290771e-01
5.348122119903564453e-01
2.787441313266754150e-01
-6.511603593826293945e-01
7.997883856296539307e-02
3.014180436730384827e-02
2.290400028228759766e+00
6.506193876266479492e-01
-7.878917455673217773e-01
-2.830271720886230469e-01
1.308735251426696777e+00
1.102808117866516113e-01
2.195478916168212891e+00
6.515718698501586914e-01
-5.337746143341064453e-01
2.106759250164031982e-01
-5.024504661560058594e-01
-8.052487373352050781e-01
1.777889966964721680e+00
-2.942076027393341064e-01
-8.368443697690963745e-02
-2.754637002944946289e-01
2.136993408203125000e+00
2.141027450561523438e-01
1.103986024856567383e+00
1.156168818473815918e+00
1.338384747505187988e+00
4.262735545635223389e-01
3.167507052421569824e-01
-3.709644079208374023e-02
1.992525905370712280e-01
4.566911235451698303e-02
-1.948277473449707031e+00
1.586026072502136230e+00
-7.327579259872436523e-01
2.347707599401473999e-01
1.989911496639251709e-01
2.878983616828918457e-01
3.070832192897796631e-01
1.594260632991790771e-01
1.442108631134033203e+00
-2.193498462438583374e-01
-1.921433657407760620e-01
7.805974483489990234e-01
2.005991220474243164e+00
-1.229287028312683105e+00
8.230364322662353516e-01
-1.718946456909179688e+00
1.039618492126464844e+00
7.385827898979187012e-01
5.316261649131774902e-01
-9.124930500984191895e-01
-1.882552653551101685e-01
2.313480138778686523e+00
-1.355130691081285477e-02
2.063198983669281006e-01
-2.185526788234710693e-01
-7.013449072837829590e-01
-1.390859723091125488e+00
-7.672369480133056641e-01
1.080161452293395996e+00
-1.462204217910766602e+00
-8.424325287342071533e-02
6.838262081146240234e-01
-1.221900701522827148e+00
8.079550266265869141e-01
3.701705336570739746e-01
-1.970139890909194946e-01
6.466003060340881348e-01
-1.072386622428894043e+00
1.049537897109985352e+00
-7.271707057952880859e-01
-2.585765719413757324e-01
8.190076947212219238e-01
1.214993953704833984e+00
-4.281460344791412354e-01
3.575136959552764893e-01
5.180774927139282227e-01
5.714923739433288574e-01
-3.524373173713684082e-01
-1.674741208553314209e-01
-2.640550732612609863e-01
9.582971930503845215e-01
5.430503487586975098e-01
-2.605220794677734375e+00
-2.455089569091796875e+00
1.874386191368103027e+00
-4.579942226409912109e-01
-2.849039137363433838e-01
-4.454005360603332520e-01
1.180172562599182129e+00
4.825254902243614197e-03
2.488014698028564453e-01
-7.458559274673461914e-01
-8.654329776763916016e-01
1.553049981594085693e-01
-3.544309735298156738e-01
-1.937747120857238770e+00
9.667183756828308105e-01
-6.385436058044433594e-01
5.113332346081733704e-02
4.423730075359344482e-01
1.277708768844604492e+00
6.660348176956176758e-01
6.105324029922485352e-01
-3.926364481449127197e-01
-1.205083608627319336e+00
2.022418379783630371e-01
8.182549476623535156e-02
-1.243183016777038574e-01
-3.471323549747467041e-01
2.232888787984848022e-01
-1.440561562776565552e-01
3.416865319013595581e-02
-1.128316283226013184e+00
-1.593977451324462891e+00
5.744066461920738220e-02
9.560377597808837891e-01
-7.830065488815307617e-01
-3.700987100601196289e-01
-1.073285818099975586e+00
6.287660002708435059e-01
1.085550069808959961e+00
-8.565207123756408691e-01
9.567745029926300049e-03
-6.867032051086425781e-01
4.543676972389221191e-01
1.466763496398925781e+00
1.777643084526062012e+00
6.613066792488098145e-01
7.387373447418212891e-01
-1.340453606098890305e-02
-3.696048259735107422e-02
-1.929726302623748779e-01
-2.309024810791015625e+00
4.868309497833251953e-01
1.797008991241455078e+00
-5.682136416435241699e-01
1.759893178939819336e+00
5.355417132377624512e-01
1.172172874212265015e-01
-5.365099906921386719e-01
-1.778508126735687256e-01
-1.014186859130859375e+00
-6.627838611602783203e-01
1.186486959457397461e+00
7.839478254318237305e-01
-1.061956644058227539e+00
-1.606566429138183594e+00
6.166273951530456543e-01
1.242285609245300293e+00
3.483123481273651123e-01
-5.102435350418090820e-01
7.003036141395568848e-01
-7.406889200210571289e-01
-5.443196296691894531e-01
2.809391915798187256e-01
3.905501961708068848e-01
9.853229522705078125e-01
5.703864246606826782e-02
4.142957627773284912e-01
1.140702366828918457e+00
2.574125826358795166e-01
-1.011591404676437378e-01
9.956060051918029785e-01
-7.907323241233825684e-01
5.623644590377807617e-01
2.004648745059967041e-01
1.409551858901977539e+00
9.674327820539474487e-02
-8.963885903358459473e-01
8.559361100196838379e-01
-4.682786166667938232e-01
3.028854914009571075e-02
-6.374443769454956055e-01
-6.416577696800231934e-01
1.574133515357971191e+00
-1.930901855230331421e-01
-4.560739994049072266e-01
7.424362897872924805e-01
2.536250352859497070e-01
-6.169475317001342773e-01
1.404624730348587036e-01
-7.466751337051391602e-01
1.328341007232666016e+00
-1.461735725402832031e+00
1.411940008401870728e-01
3.789507746696472168e-01
2.011875212192535400e-01
8.286785334348678589e-02
-9.424207806587219238e-01
2.839715480804443359e-01
9.288343787193298340e-01
2.624741494655609131e-01
1.296761155128479004e+00
-6.892811972647905350e-03
-6.135320663452148438e-02
-9.966791272163391113e-01
2.712932229042053223e-01
-1.098555997014045715e-01
-7.373297214508056641e-02
-5.249518752098083496e-01
-2.553216218948364258e-01
7.065690159797668457e-01
-3.971872329711914062e-01
6.937514543533325195e-01
6.246038675308227539e-01
-9.854397177696228027e-01
-1.318063139915466309e-01
-7.186227440834045410e-01
4.978724122047424316e-01
2.738102197647094727e+00
-6.745226383209228516e-01
-1.237828135490417480e+00
8.923616409301757812e-01
-3.089328706264495850e-01
-1.147441625595092773e+00
-6.981510668992996216e-02
5.449391603469848633e-01
8.213949948549270630e-02
-1.140596032142639160e+00
1.310168743133544922e+00
3.930790424346923828e-01
-7.610880732536315918e-01
2.358921915292739868e-01
-4.131408929824829102e-01
9.102343916893005371e-01
-1.603136062622070312e+00
-6.762083768844604492e-01
-6.430895924568176270e-01
-1.527140736579895020e-01
7.422199845314025879e-01
-1.202624559402465820e+00
4.030421376228332520e-02
3.645905479788780212e-02
8.746261000633239746e-01
1.739107131958007812e+00
5.393622517585754395e-01
-9.780731201171875000e-01
-2.196625471115112305e-01
7.130231261253356934e-01
5.076388716697692871e-01
-9.590412378311157227e-01
5.027868747711181641e-01
8.251757174730300903e-02
1.436235189437866211e+00
1.549111127853393555e+00
-1.050488591194152832e+00
9.085199236869812012e-01
-9.382816031575202942e-03
9.110522866249084473e-01
-1.265761256217956543e+00
1.757346838712692261e-01
-5.885519385337829590e-01
-7.694913148880004883e-01
-6.524658203125000000e-01
6.942419409751892090e-01
-3.824812769889831543e-01
1.982812404632568359e+00
1.009116053581237793e+00
6.267154812812805176e-01
-1.587414264678955078e+00
-3.655834197998046875e-01
7.043808698654174805e-01
-2.846827983856201172e+00
-5.820800065994262695e-01
-7.812191247940063477e-01
-4.825339317321777344e-01
1.150513052940368652e+00
-5.001761913299560547e-01
9.958621263504028320e-01
9.318231940269470215e-01
-9.525400400161743164e-02
-1.274074077606201172e+00
1.393769741058349609e+00
6.331808567047119141e-01
-8.262288570404052734e-02
-9.550204873085021973e-01
-8.303110003471374512e-01
-1.906259357929229736e-01
6.588686108589172363e-01
6.164423823356628418e-01
-1.005920395255088806e-01
9.071421027183532715e-01
8.758574724197387695e-01
1.751168131828308105e+00
-4.086197018623352051e-01
1.641201227903366089e-02
1.206692084670066833e-01
-5.256972089409828186e-02
-5.295799970626831055e-01
-1.138100266456604004e+00
-1.400293260812759399e-01
8.413894176483154297e-01
1.114958286285400391e+00
4.927929639816284180e-01
1.036208271980285645e+00
5.618033409118652344e-01
9.052265882492065430e-01
9.453551173210144043e-01
-6.418024748563766479e-02
4.026421308517456055e-01
-1.650939881801605225e-01
7.204917669296264648e-01
4.478452354669570923e-02
-7.641392946243286133e-01
-2.672055363655090332e-01
1.076791644096374512e+00
2.565317749977111816e-01
5.352577567100524902e-01
1.428583979606628418e+00
1.032452225685119629e+00
-1.565807908773422241e-01
-2.893329560756683350e-01
7.816313505172729492e-01
-1.071855783462524414e+00
1.457020521163940430e+00
1.050289392471313477e+00
8.306400477886199951e-02
-1.278203576803207397e-01
-1.723626017570495605e+00
-7.955824136734008789e-01
6.667913496494293213e-02
8.455067873001098633e-01
-7.917220592498779297e-01
1.195330142974853516e+00
-5.372981429100036621e-01
1.049965023994445801e+00
-1.212565079331398010e-01
-1.173502206802368164e+00
5.035721659660339355e-01
-7.606334686279296875e-01
6.324203610420227051e-01
1.854956269264221191e+00
3.286891579627990723e-01
-1.163180351257324219e+00
-7.205933332443237305e-01
4.536438286304473877e-01
-9.175127744674682617e-01
7.906242609024047852e-01
3.719103634357452393e-01
3.111831545829772949e-01
-7.958895564079284668e-01
4.436087906360626221e-01
-9.824434518814086914e-01
2.797873914241790771e-01
-1.355207204818725586e+00
5.249022841453552246e-01
-4.009041190147399902e-01
-8.579610288143157959e-02
-4.653222262859344482e-01
4.079444408416748047e-01
2.178880214691162109e+00
1.444118142127990723e+00
7.393316030502319336e-01
-4.010607600212097168e-01
-1.030327081680297852e+00
5.041695237159729004e-01
-1.274250864982604980e+00
-6.737752556800842285e-01
-1.313769817352294922e-01
8.209729790687561035e-01
1.266208410263061523e+00
-6.536212563514709473e-01
-2.734799087047576904e-01
6.867776513099670410e-01
-3.642597198486328125e-01
-6.636125445365905762e-01
9.338958859443664551e-01
-5.877978205680847168e-01
1.997352480888366699e+00
1.793737292289733887e+00
-7.432247400283813477e-01
-1.130445480346679688e+00
-2.755523622035980225e-01
-5.184997320175170898e-01
-2.290075868368148804e-01
-8.686668872833251953e-01
4.449186921119689941e-01
-3.796146810054779053e-01
7.047410309314727783e-02
-2.534736394882202148e-01
3.090621829032897949e-01
-3.407194316387176514e-01
6.184663996100425720e-02
1.054635524749755859e+00
-2.703858911991119385e-01
8.379302620887756348e-01
9.416464567184448242e-01
-4.134637713432312012e-01
5.573519468307495117e-01
3.647493124008178711e-01
9.639482200145721436e-02
-1.061843514442443848e+00
3.806819766759872437e-02
-1.242565155029296875e+00
-3.754839599132537842e-01
-8.715233802795410156e-01
1.141895294189453125e+00
-4.970465898513793945e-01
2.063680738210678101e-01
-2.224552445113658905e-03
-5.726830363273620605e-01
6.261144578456878662e-02
7.562834024429321289e-01
-4.130185842514038086e-01
-3.884753882884979248e-01
2.441705316305160522e-01
-7.636036872863769531e-01
-1.081849813461303711e+00
-2.153184860944747925e-01
3.145684301853179932e-01
-5.570741295814514160e-01
5.250316858291625977e-01
-5.309971570968627930e-01
2.029787749052047729e-01
-5.337702631950378418e-01
1.150510072708129883e+00
-5.930187180638313293e-02
-2.681826353073120117e-01
1.079522669315338135e-01
2.478419840335845947e-01
-1.633864641189575195e-01
-6.829717755317687988e-01
4.136162996292114258e-01
1.101574182510375977e+00
-5.655845999717712402e-01
5.724890828132629395e-01
6.854113340377807617e-01
-1.025680527091026306e-01
9.919106960296630859e-01
-5.803910270333290100e-02
7.298043966293334961e-01
2.383044213056564331e-01
-7.750762104988098145e-01
-1.884977340698242188e+00
1.063820496201515198e-01
-5.831804871559143066e-01
1.019036650657653809e+00
-7.857605814933776855e-01
3.719743192195892334e-01
-7.533818483352661133e-01
1.433654308319091797e+00
-5.460067987442016602e-01
-5.466523766517639160e-01
2.828388512134552002e-01
4.811774939298629761e-02
1.116449475288391113e+00
-1.238270998001098633e+00
1.081513404846191406e+00
4.246668219566345215e-01
2.758802771568298340e-01
-3.192039579153060913e-02
-1.177715897560119629e+00
-2.227687120437622070e+00
-6.358041167259216309e-01
1.768797039985656738e+00
-6.139190793037414551e-01
-3.968325257301330566e-01
8.065695762634277344e-01
2.304109573364257812e+00
-4.550366476178169250e-02
2.752350457012653351e-02
-1.675951331853866577e-01
-2.446940243244171143e-01
-5.666015148162841797e-01
-1.292146801948547363e+00
-7.364582270383834839e-02
2.716207504272460938e-01
7.070335745811462402e-01
5.275003314018249512e-01
-6.890189051628112793e-01
1.496856689453125000e+00
-1.814362406730651855e+00
-1.282425373792648315e-01
-2.487576901912689209e-01
2.262326717376708984e+00
1.405575633049011230e+00
-1.771832585334777832e+00
8.590858578681945801e-01
4.229512512683868408e-01
3.405678272247314453e-01
-7.665126770734786987e-02
-3.132913410663604736e-01
1.727584958076477051e+00
-3.399387001991271973e-02
-1.778168231248855591e-01
2.185684591531753540e-01
-3.473061025142669678e-01
-1.550276875495910645e+00
-7.960897684097290039e-02
-8.115781545639038086e-01
-7.692218422889709473e-01
-2.772710025310516357e-01
1.830918312072753906e+00
-2.684644758701324463e-01
-8.523572087287902832e-01
2.284868955612182617e+00
3.494428396224975586e-01
-5.114244818687438965e-01
1.135196685791015625e+00
5.241109430789947510e-02
-1.005170702934265137e+00
-2.917208671569824219e-01
-7.519116401672363281e-01
-2.068389207124710083e-01
-5.541567802429199219e-01
3.084033429622650146e-01
-8.071662187576293945e-01
-2.667240202426910400e-01
-1.165941238403320312e+00
1.347869873046875000e+00
-4.477066695690155029e-01
-2.976638674736022949e-01
-2.928313910961151123e-01
4.107858240604400635e-01
2.787305355072021484e+00
-1.362517952919006348e+00
2.491208910942077637e-01
-1.397406697273254395e+00
-1.733645558357238770e+00
3.101132512092590332e-01
1.381060481071472168e-01
2.177299857139587402e-01
-2.080562263727188110e-01
2.230305194854736328e+00
-7.884290814399719238e-01
-8.272073268890380859e-01
2.685876190662384033e-01
-3.103893101215362549e-01
-8.227735757827758789e-02
1.080085039138793945e+00
7.661510705947875977e-01
1.146482229232788086e+00
-1.483204364776611328e+00
4.037826061248779297e-01
-8.855018615722656250e-01
4.871224164962768555e-01
6.402146816253662109e-01
3.501020371913909912e-01
-8.440510630607604980e-01
-1.654406189918518066e+00
-6.520120054483413696e-02
-2.338788062334060669e-01
-1.229369789361953735e-01
1.310956776142120361e-01
3.145790994167327881e-01
-1.049490928649902344e+00
-6.788760423660278320e-01
-3.812365531921386719e-01
1.245940804481506348e+00
5.760272145271301270e-01
2.700546383857727051e-01
5.893704891204833984e-01
1.374938189983367920e-01
7.241350132972002029e-03
-4.462574124336242676e-01
6.528892517089843750e-01
-3.229414522647857666e-01
-4.421769082546234131e-01
-6.650726795196533203e-01
1.877813488245010376e-01
1.846791148185729980e+00
3.096989095211029053e-01
-5.620368123054504395e-01
2.386588007211685181e-01
-1.375722046941518784e-02
-8.183853030204772949e-01
4.962340369820594788e-02
1.555559277534484863e+00
3.190824687480926514e-01
-1.177116036415100098e+00
-8.990678191184997559e-01
-3.957693874835968018e-01
1.356630444526672363e+00
-4.098674952983856201e-01
-5.447608232498168945e-01
1.138302162289619446e-01
-9.734369516372680664e-01
-3.725509643554687500e-01
2.732560038566589355e-01
-9.471869468688964844e-01
-1.069203257560729980e+00
2.701739370822906494e-01
-1.658065915107727051e+00
1.233679890632629395e+00
-2.790505290031433105e-01
-1.934086441993713379e+00
-4.543967247009277344e-01
-1.115868568420410156e+00
-1.689626336097717285e+00
6.944611668586730957e-01
-1.703472733497619629e-01
5.573587417602539062e-01
-3.433668613433837891e-01
1.418733954429626465e+00
-4.778394103050231934e-01
-1.066053748130798340e+00
2.964522130787372589e-02
-3.922146856784820557e-01
1.443467259407043457e+00
-1.414734125137329102e+00
-1.081467390060424805e+00
-1.376044273376464844e+00
9.616900086402893066e-01
-1.377314090728759766e+00
4.497939646244049072e-01
-2.812212109565734863e-01
2.191969394683837891e+00
-7.445670366287231445e-01
-8.635433018207550049e-02
2.534165279939770699e-03
-3.968804478645324707e-01
1.015428066253662109e+00
-6.746475100517272949e-01
-1.076251506805419922e+00
3.240039348602294922e-01
-7.504284977912902832e-01
-2.889475524425506592e-01
-1.528176784515380859e+00
1.201832592487335205e-01
4.187806323170661926e-02
2.712960839271545410e-01
2.949368059635162354e-01
-5.613003969192504883e-01
-3.084802627563476562e-01
1.302387118339538574e-01
-7.894743680953979492e-01
8.059421777725219727e-01
-6.151849031448364258e-01
-1.276664733886718750e-01
-2.269964218139648438e-01
-1.090568304061889648e+00
-2.430133521556854248e-01
-3.078447878360748291e-01
-3.023960292339324951e-01
4.007982015609741211e-01
9.228501915931701660e-01
1.300969272851943970e-01
7.187191247940063477e-01
-9.508457183837890625e-01
-7.686870098114013672e-01
-1.048555016517639160e+00
4.726762771606445312e-01
-1.056753024458885193e-01
9.519952535629272461e-01
-6.348954439163208008e-01
6.241762638092041016e-01
1.038965940475463867e+00
3.953623175621032715e-01
-1.756858080625534058e-01
-7.344385981559753418e-01
3.005952946841716766e-02
-1.343483686447143555e+00
-7.391350716352462769e-02
-8.884344696998596191e-01
-9.610274434089660645e-01
8.074935078620910645e-01
-2.032332718372344971e-01
-5.461339950561523438e-01
1.160072684288024902e+00
2.874085903167724609e-01
-1.061890125274658203e+00
3.095588386058807373e-01
-1.556952476501464844e+00
3.524813055992126465e-01
3.810792863368988037e-01
-7.832726836204528809e-01
7.556568980216979980e-01
5.712954401969909668e-01
-3.998390457127243280e-05
3.421222418546676636e-02
-1.532619357109069824e+00
2.204875499010086060e-01
-5.159468650817871094e-01
4.512190818786621094e-01
-2.666435837745666504e-01
-1.458203673362731934e+00
3.121607601642608643e-01
1.084343314170837402e+00
-2.106154918670654297e+00
-8.121496438980102539e-01
-1.378505110740661621e+00
-2.335995733737945557e-01
2.358140200376510620e-01
-4.765689969062805176e-01
8.026833534240722656e-01
-9.481191635131835938e-01
2.371432781219482422e+00
3.619563579559326172e-01
1.218380570411682129e+00
-2.047683000564575195e+00
-1.274165630340576172e+00
-9.501684904098510742e-01
6.465489268302917480e-01
-9.265566468238830566e-01
-6.774617433547973633e-01
3.851522505283355713e-01
5.234654247760772705e-02
-3.762447237968444824e-01
-1.176655769348144531e+00
-5.609645247459411621e-01
5.732989311218261719e-01
1.619049072265625000e+00
-1.206415772438049316e+00
1.901468932628631592e-01
1.428282737731933594e+00
-1.628084421157836914e+00
-4.579304456710815430e-01
5.039070248603820801e-01
6.778869628906250000e-01
5.032417178153991699e-01
1.920048147439956665e-01
1.051767766475677490e-01
-3.393043875694274902e-01
-7.314191460609436035e-01
-7.973712682723999023e-01
-9.624435901641845703e-01
2.459132298827171326e-02
-1.114642977714538574e+00
1.272543430328369141e+00
1.321379303932189941e+00
1.503840923309326172e+00
1.685174822807312012e+00
-2.124409198760986328e+00
-9.742559194564819336e-01
8.819649368524551392e-02
-9.083416312932968140e-02
7.944037318229675293e-01
1.145827293395996094e+00
2.830198109149932861e-01
-1.179770946502685547e+00
1.167000055313110352e+00
1.448365747928619385e-01
5.735400915145874023e-01
-1.314170122146606445e+00
5.118517875671386719e-01
9.755315780639648438e-01
1.262388586997985840e+00
3.116614818572998047e-01
8.099930733442306519e-02
-3.722331523895263672e-01
5.775153040885925293e-01
-5.020884275436401367e-01
-1.060617566108703613e+00
1.948971867561340332e+00
-9.226545691490173340e-01
1.441478490829467773e+00
1.781090795993804932e-01
2.946779489517211914e+00
-1.406542539596557617e+00
1.002410531044006348e+00
-2.573854327201843262e-01
9.633141756057739258e-01
-8.185601234436035156e-01
7.026357650756835938e-01
7.810524106025695801e-01
3.518451452255249023e-01
3.817044794559478760e-01
6.661182045936584473e-01
-4.105713218450546265e-02
5.350348353385925293e-01
7.366773486137390137e-01
-1.596960186958312988e+00
-1.420595288276672363e+00
-8.132192492485046387e-01
-4.724793136119842529e-01
1.564649343490600586e+00
-4.207316339015960693e-01
-1.146137043833732605e-01
-1.130875825881958008e+00
-4.838137924671173096e-01
-4.447776079177856445e-01
2.640940546989440918e-01
-3.147178292274475098e-01
-5.588404834270477295e-03
-9.308636784553527832e-01
1.278516292572021484e+00
1.087188124656677246e+00
-4.703461527824401855e-01
1.702466756105422974e-01
1.009657382965087891e+00
-9.044539928436279297e-01
2.156461030244827271e-01
8.626029491424560547e-01
4.722293466329574585e-02
7.563537955284118652e-01
2.604666054248809814e-01
8.860254287719726562e-01
-3.718613088130950928e-01
8.347979187965393066e-01
2.329813390970230103e-01
3.112083375453948975e-01
1.384934782981872559e+00
-1.156319499015808105e+00
-1.376941204071044922e+00
-8.797009587287902832e-01
-6.333735585212707520e-02
1.555306017398834229e-01
-1.125869750976562500e+00
-1.264406919479370117e+00
1.917499303817749023e-01
-1.434128284454345703e+00
