-1.771411538124084473e+00
5.883511900901794434e-01
-4.725498855113983154e-01
-1.069704294204711914e+00
-8.887567520141601562e-01
2.277724444866180420e-01
5.551714897155761719e-01
-1.732521355152130127e-01
6.441708803176879883e-01
2.453009337186813354e-01
-9.954903125762939453e-01
-1.386990785598754883e+00
5.164878964424133301e-01
1.527835279703140259e-01
8.567647933959960938e-01
-2.759405672550201416e-01
9.301032125949859619e-02
-2.973167896270751953e-01
-1.392738461494445801e+00
-7.020216584205627441e-01
6.232846379280090332e-01
7.117295861244201660e-01
-8.448785543441772461e-01
1.225288152694702148e+00
4.954629838466644287e-01
6.785967350006103516e-01
1.283339500427246094e+00
1.483584791421890259e-01
5.501255393028259277e-01
1.385374307632446289e+00
5.690321326255798340e-01
-1.393535494804382324e+00
-5.523122549057006836e-01
-4.667155742645263672e-01
1.245635971426963806e-01
-1.335835933685302734e+00
1.105909347534179688e+00
-4.418699741363525391e-01
9.429638981819152832e-01
2.110773324966430664e+00
-3.457688570022583008e+00
2.166610002517700195e+00
1.348738312721252441e+00
3.016598820686340332e-01
1.653697192668914795e-01
-1.116751313209533691e+00
2.969226241111755371e-01
1.536648988723754883e+00
-2.567780315876007080e-01
-1.435277581214904785e+00
-1.992393612861633301e+00
-1.375546455383300781e-01
2.635105371475219727e+00
-8.211684972047805786e-02
-1.667341351509094238e+00
-4.766479730606079102e-01
9.516694545745849609e-01
-5.591318383812904358e-02
1.645424485206604004e+00
-1.214005231857299805e+00
-1.397228717803955078e+00
-1.572744697332382202e-01
-2.015087604522705078e-01
1.013805866241455078e+00
1.257521152496337891e+00
-1.014355659484863281e+00
1.285960555076599121e+00
1.882670879364013672e+00
-1.067283034324645996e+00
8.579161763191223145e-01
8.510993123054504395e-01
-2.471008002758026123e-01
5.515251755714416504e-01
1.660441756248474121e+00
1.626574516296386719e+00
-1.196790814399719238e+00
1.445541501045227051e+00
-7.415809035301208496e-01
-1.146072745323181152e+00
4.730902016162872314e-01
-8.610801100730895996e-01
-4.617573320865631104e-01
2.369530916213989258e+00
1.704586505889892578e+00
-1.379480242729187012e+00
9.697862267494201660e-01
-1.228575929999351501e-01
2.682082951068878174e-01
-3.773192763328552246e-01
9.760254025459289551e-01
5.827449560165405273e-01
-2.138501644134521484e+00
-9.126294255256652832e-01
-7.417882084846496582e-01
-1.164455413818359375e-01
5.489856004714965820e-01
-7.267419099807739258e-01
2.357944548130035400e-01
-1.450927734375000000e+00
-7.644160389900207520e-01
-1.151671767234802246e+00
-1.893930315971374512e+00
-1.263054490089416504e+00
5.442757010459899902e-01
-7.827847450971603394e-02
1.515300989151000977e+00
1.117480844259262085e-01
5.214716792106628418e-01
-9.113844633102416992e-01
7.464088033884763718e-03
-1.772302985191345215e+00
1.857666485011577606e-02
7.336311340332031250e-01
1.019324660301208496e+00
1.271574139595031738e+00
2.424744218587875366e-01
-8.424218893051147461e-01
6.311041116714477539e-01
1.063655972480773926e+00
-2.882819995284080505e-02
1.530828714370727539e+00
-2.647144496440887451e-01
8.690279722213745117e-01
2.373562753200531006e-01
1.768239855766296387e+00
-9.795728921890258789e-01
1.851980984210968018e-01
-2.380161285400390625e-01
