-1.180823087692260742e+00
1.286399066448211670e-01
7.193002104759216309e-01
-1.426263749599456787e-01
-6.038507819175720215e-01
1.072225689888000488e+00
-6.473987102508544922e-01
-8.931640386581420898e-01
-1.214210758917033672e-03
-1.028123736381530762e+00
6.708621382713317871e-01
6.959512829780578613e-01
-5.444503426551818848e-01
-2.812101840972900391e-01
-6.602070927619934082e-01
7.424112558364868164e-01
-1.032930254936218262e+00
-1.423979848623275757e-01
-7.513480782508850098e-01
-5.585184693336486816e-01
9.341982007026672363e-01
-1.296240448951721191e+00
-4.587098658084869385e-01
-9.293310046195983887e-01
-1.259451150894165039e+00
1.056131839752197266e+00
-2.045825123786926270e-01
-8.648645877838134766e-01
-1.322430849075317383e+00
-1.208178043365478516e+00
-1.068276762962341309e+00
-2.358216941356658936e-01
-6.184909343719482422e-01
-6.077113747596740723e-01
3.024926185607910156e-01
-1.741127967834472656e+00
-1.937193751335144043e+00
7.106217741966247559e-02
-8.626676201820373535e-01
-5.955240130424499512e-01
-3.543025255203247070e-01
-5.685028433799743652e-01
1.742440938949584961e+00
2.065979838371276855e-01
-2.280784696340560913e-01
-9.835063815116882324e-01
-2.099969834089279175e-01
3.289601206779479980e-01
1.891270160675048828e+00
7.039417624473571777e-01
3.228032290935516357e-01
-2.084107547998428345e-01
-8.584364056587219238e-01
-1.009778380393981934e+00
1.177102684974670410e+00
6.169489622116088867e-01
1.331382542848587036e-01
2.152983248233795166e-01
-1.303054243326187134e-01
-1.273308992385864258e+00
-3.167436271905899048e-02
6.689566969871520996e-01
8.025888800621032715e-01
2.005849033594131470e-01
-1.827268749475479126e-01
3.002191483974456787e-01
1.342407345771789551e+00
-4.405612945556640625e-01
8.737932443618774414e-01
3.218455314636230469e-01
-2.057857513427734375e-01
1.626935005187988281e+00
2.688219305127859116e-03
1.145213365554809570e+00
-2.572600543498992920e-01
-1.273427624255418777e-02
-1.602719306945800781e+00
1.757849574089050293e+00
3.143738806247711182e-01
1.136628746986389160e+00
9.393773227930068970e-02
1.571448147296905518e-01
-7.433624267578125000e-01
2.262056171894073486e-01
-2.158415079116821289e+00
-6.300228834152221680e-01
2.080152988433837891e+00
-9.728726148605346680e-01
-2.091526687145233154e-01
-9.571251869201660156e-01
3.589659184217453003e-02
8.578349351882934570e-01
-1.250963926315307617e+00
2.175886183977127075e-01
1.061991810798645020e+00
3.996320962905883789e-01
-9.296836853027343750e-01
-8.889752030372619629e-01
-3.108173906803131104e-01
-6.543373465538024902e-01
5.539715290069580078e-01
-1.582786321640014648e+00
9.041755646467208862e-02
-5.651534795761108398e-01
-7.750213742256164551e-01
1.014896392822265625e+00
1.060938715934753418e+00
-1.563038378953933716e-01
-3.879075944423675537e-01
-7.648811340332031250e-01
-2.258361279964447021e-01
-1.272385001182556152e+00
-3.105542659759521484e-01
-3.006948828697204590e-01
-4.406359195709228516e-01
-1.029036045074462891e+00
5.455688834190368652e-01
-3.501316308975219727e-01
-8.759871125221252441e-02
-5.839767456054687500e-01
-1.571828722953796387e-01
-5.535371303558349609e-01
-1.667940855026245117e+00
-1.335641264915466309e+00
1.059463262557983398e+00
7.756243944168090820e-01
6.186293363571166992e-01
-9.620342254638671875e-01
-8.124789223074913025e-03
-6.924598217010498047e-01
4.969485998153686523e-01
3.445865511894226074e-01
-1.986161991953849792e-02
-5.443953871726989746e-01
-9.052147269248962402e-01
1.264528870582580566e+00
3.187381029129028320e-01
-7.027752697467803955e-02
5.433075428009033203e-01
-1.238719224929809570e-01
-9.354266524314880371e-01
5.510195493698120117e-01
1.792026281356811523e+00
-4.006876647472381592e-01
8.493118882179260254e-01
2.489353418350219727e+00
-1.560888886451721191e+00
3.051570653915405273e-01
7.721083164215087891e-01
-2.975497841835021973e-01
6.905943751335144043e-01
-1.211035013198852539e+00
1.749283522367477417e-01
5.579724907875061035e-01
7.320929765701293945e-01
5.651549100875854492e-01
-1.533402442932128906e+00
1.106422543525695801e-01
2.644828893244266510e-02
-5.535581707954406738e-01
-1.028440356254577637e+00
6.601696461439132690e-02
1.233225226402282715e+00
-4.080422520637512207e-01
-3.164510428905487061e-02
1.128126621246337891e+00
1.942639201879501343e-01
-3.869740664958953857e-01
5.996468067169189453e-01
-1.647195458412170410e+00
7.414262294769287109e-01
-3.831731975078582764e-01
-1.340534090995788574e+00
-2.500498533248901367e+00
4.828481972217559814e-01
-8.933442085981369019e-02
-3.190425783395767212e-02
5.950889587402343750e-01
-7.693982720375061035e-01
6.721785664558410645e-01
8.617944717407226562e-01
3.326396942138671875e-01
4.877717196941375732e-01
4.426052868366241455e-01
1.455862045288085938e+00
1.104292988777160645e+00
8.361598849296569824e-01
8.361930847167968750e-01
7.289029955863952637e-01
8.068030476570129395e-01
-1.039733663201332092e-01
1.990074366331100464e-01
7.082926630973815918e-01
8.472474217414855957e-01
-4.097295403480529785e-01
-7.894468903541564941e-01
-7.769733071327209473e-01
-5.911500453948974609e-01
1.897509336471557617e+00
-3.021320402622222900e-01
-1.001187190413475037e-01
-2.864833474159240723e-01
-9.736241102218627930e-01
-1.155792832374572754e+00
-5.364136025309562683e-02
-6.779642105102539062e-01
-1.287999283522367477e-02
1.094568133354187012e+00
8.292016386985778809e-01
-7.060291171073913574e-01
-3.412192463874816895e-01
3.386238813400268555e-01
9.686605334281921387e-01
-1.775302737951278687e-01
-8.411229252815246582e-01
8.119574785232543945e-01
1.259936571121215820e+00
7.691255211830139160e-01
-1.269992887973785400e-01
9.866355061531066895e-01
-1.300443649291992188e+00
1.566689491271972656e+00
1.123353242874145508e+00
-8.023108839988708496e-01
2.789456844329833984e-01
-9.076123833656311035e-01
1.349659919738769531e+00
-1.114975214004516602e+00
1.086654901504516602e+00
-2.454914569854736328e+00
1.177322030067443848e+00
2.071512490510940552e-01
-6.999650597572326660e-01
-2.128447055816650391e+00
5.443350076675415039e-01
1.366589069366455078e+00
7.127707600593566895e-01
-8.393242955207824707e-02
3.489576876163482666e-01
4.336966574192047119e-02
3.110618889331817627e-02
5.539762377738952637e-01
1.086327195167541504e+00
8.509311825037002563e-02
5.871984958648681641e-01
-6.826670467853546143e-02
-1.346391677856445312e+00
5.183971524238586426e-01
3.818027377128601074e-01
5.758072137832641602e-01
-3.732352703809738159e-02
-3.838210701942443848e-01
-5.441975593566894531e-01
1.042091727256774902e+00
-7.671923935413360596e-02
-6.816977262496948242e-01
5.955986380577087402e-01
-2.206958830356597900e-01
7.385380268096923828e-01
-4.869231581687927246e-02
-1.322413086891174316e+00
-3.355276882648468018e-01
1.176326155662536621e+00
-1.539298653602600098e+00
-1.162879467010498047e+00
1.329940915107727051e+00
-6.220228075981140137e-01
-1.048622250556945801e+00
-1.018442749977111816e+00
-9.746870994567871094e-01
1.840513825416564941e+00
6.055524349212646484e-01
-1.160836338996887207e+00
-2.722825407981872559e-01
-5.663608312606811523e-01
-3.868519095703959465e-03
-6.602686643600463867e-01
1.441036313772201538e-01
1.072226405143737793e+00
2.063235998153686523e+00
-4.172916412353515625e-01
-8.567326515913009644e-02
-5.004851222038269043e-01
-8.706030845642089844e-01
4.243377149105072021e-01
7.041232287883758545e-02
5.154156088829040527e-01
-9.494664669036865234e-01
6.301444768905639648e-01
1.587885379791259766e+00
7.837661504745483398e-01
-7.768037915229797363e-01
3.619861602783203125e-01
-1.172973990440368652e+00
-5.021989345550537109e-01
-4.957244992256164551e-01
-3.167755901813507080e-01
-5.773670673370361328e-01
3.153920546174049377e-02
-5.186989903450012207e-01
-7.156671881675720215e-01
3.776912391185760498e-01
-2.510196447372436523e+00
1.412872225046157837e-01
3.832924962043762207e-01
-1.568235158920288086e-01
7.617353200912475586e-01
-1.673286110162734985e-01
6.746913790702819824e-01
7.460140585899353027e-01
8.359927535057067871e-01
1.546150911599397659e-02
-2.693252801895141602e+00
-1.290951609611511230e+00
-6.469038724899291992e-01
-7.131538391113281250e-01
5.663141012191772461e-01
2.053349256515502930e+00
5.151486396789550781e-01
5.477510094642639160e-01
-4.740941226482391357e-01
-6.054524779319763184e-01
-5.102485045790672302e-02
4.442275464534759521e-01
-1.344384551048278809e+00
4.956791549921035767e-02
1.367495507001876831e-01
5.753005743026733398e-01
1.001845002174377441e+00
-8.806695044040679932e-02
-9.951097369194030762e-01
-8.882427215576171875e-01
1.162098288536071777e+00
9.228475689888000488e-01
-4.444335997104644775e-01
8.585480600595474243e-02
2.246536761522293091e-01
1.006036996841430664e-01
-5.777210593223571777e-01
-6.613196730613708496e-01
1.294618606567382812e+00
-1.085215449333190918e+00
1.907476544380187988e+00
-6.427437067031860352e-01
-3.178454637527465820e-01
-3.694649040699005127e-01
-8.186263442039489746e-01
4.310259819030761719e-01
8.865033388137817383e-01
-1.441894292831420898e+00
1.189869642257690430e+00
2.507992506027221680e+00
-6.653952002525329590e-01
5.741058588027954102e-01
-2.074597358703613281e+00
-4.071355164051055908e-01
-4.375723600387573242e-01
6.157118082046508789e-01
-3.572379471734166145e-03
5.497630238533020020e-01
6.416749358177185059e-01
-9.855508208274841309e-01
-9.190206527709960938e-01
-1.225679397583007812e+00
-2.271786451339721680e+00
6.531445384025573730e-01
-1.259542256593704224e-01
-2.344532310962677002e-01
7.810554504394531250e-01
-1.067838430404663086e+00
4.074610173702239990e-01
-2.337424993515014648e+00
1.358901023864746094e+00
9.092013239860534668e-01
-2.928473949432373047e-01
3.894097208976745605e-01
-1.513020694255828857e-01
-9.533855319023132324e-01
9.499703645706176758e-01
-9.719861745834350586e-01
1.093285083770751953e+00
-7.835212349891662598e-01
-2.352734841406345367e-02
3.996043205261230469e-01
-2.566575445234775543e-02
1.411548614501953125e+00
8.552954196929931641e-01
-1.653520703315734863e+00
-4.296591579914093018e-01
2.753478884696960449e-01
-5.114943981170654297e-01
-4.658663272857666016e-02
1.194862008094787598e+00
-5.318641066551208496e-01
3.918707966804504395e-01
6.192132234573364258e-01
-6.947528719902038574e-01
-9.671953320503234863e-01
2.966635227203369141e-01
-6.190575957298278809e-01
1.752579361200332642e-01
6.742728948593139648e-01
7.571202516555786133e-01
6.814159154891967773e-01
1.985985398292541504e+00
9.160649776458740234e-02
-1.552521437406539917e-01
-9.656067490577697754e-01
8.272095918655395508e-01
-6.916300058364868164e-01
9.577698111534118652e-01
-1.912757195532321930e-02
-1.754609346389770508e+00
1.038501262664794922e+00
-3.134286999702453613e-01
1.060456037521362305e+00
3.103303313255310059e-01
-7.156494259834289551e-01
1.633297204971313477e+00
1.653307080268859863e-01
-9.908486008644104004e-01
-1.345759034156799316e+00
2.070073843002319336e+00
-3.890870213508605957e-01
2.083161175251007080e-01
-1.835486412048339844e+00
-1.069573998451232910e+00
-1.151158213615417480e+00
-4.376742243766784668e-01
-9.366292953491210938e-01
-7.110672593116760254e-01
7.544890642166137695e-01
-1.658893525600433350e-01
-9.050079435110092163e-02
-8.585085272789001465e-01
-3.061502799391746521e-02
-1.333390712738037109e+00
-3.060688078403472900e-01
-1.044185638427734375e+00
-9.889628887176513672e-01
-9.496172070503234863e-01
2.012712955474853516e-01
9.525744915008544922e-01
5.663185119628906250e-01
-1.026723504066467285e+00
4.290540516376495361e-02
1.245730042457580566e+00
6.234735250473022461e-01
4.109262824058532715e-01
-1.520444273948669434e+00
1.368576407432556152e+00
7.585280537605285645e-01
6.025450229644775391e-01
-1.047866344451904297e+00
-5.512693524360656738e-01
1.470075488090515137e+00
9.347563982009887695e-01
-1.727746129035949707e-01
-5.546133518218994141e-01
-1.074072599411010742e+00
-1.855144798755645752e-01
1.135856658220291138e-02
3.459734022617340088e-01
2.459825389087200165e-02
7.534420490264892578e-01
4.011763036251068115e-01
2.351191520690917969e+00
4.105200767517089844e-01
-1.272929906845092773e+00
5.277394056320190430e-01
6.509222984313964844e-01
1.713705062866210938e+00
-1.013930320739746094e+00
4.855278432369232178e-01
2.013862133026123047e+00
-5.666126608848571777e-01
-5.743032097816467285e-01
-7.452027797698974609e-01
1.343951463699340820e+00
2.012296952307224274e-02
-8.666713833808898926e-01
1.266580700874328613e+00
-1.285318493843078613e+00
1.940747261047363281e+00
4.064346849918365479e-02
-4.051578640937805176e-01
-9.123335480690002441e-01
1.061378479003906250e+00
-3.043873012065887451e-01
1.004821136593818665e-01
-7.837467193603515625e-01
-4.380771815776824951e-01
1.315869018435478210e-02
1.759775519371032715e+00
-3.754361867904663086e-01
9.336712360382080078e-01
-5.930182337760925293e-01
-1.330283641815185547e+00
-4.335973039269447327e-02
-7.747053354978561401e-02
2.271011114120483398e+00
-1.720508038997650146e-01
-1.531213164329528809e+00
-4.698988795280456543e-01
-4.646708667278289795e-01
-5.436031520366668701e-02
5.266360640525817871e-01
1.439753413200378418e+00
-4.990509152412414551e-01
1.864182472229003906e+00
-1.270087361335754395e+00
1.060232520103454590e+00
3.387573361396789551e-02
2.812502145767211914e+00
6.732174158096313477e-01
-8.545708060264587402e-01
-6.415417790412902832e-01
-9.893761873245239258e-01
9.290939569473266602e-01
4.591875374317169189e-01
-3.362509012222290039e-01
-1.101258516311645508e+00
4.841408729553222656e-01
7.240048646926879883e-01
-5.644749999046325684e-01
-1.503731459379196167e-01
-1.604190915822982788e-01
1.203605771064758301e+00
2.102489948272705078e+00
4.467594251036643982e-02
5.974206924438476562e-01
-5.049716234207153320e-01
1.611016988754272461e+00
-5.850151181221008301e-02
-4.515114128589630127e-01
1.884749770164489746e+00
8.553221821784973145e-01
5.109035968780517578e-01
1.344858109951019287e-01
8.422649502754211426e-01
-1.588734239339828491e-02
1.605629920959472656e+00
-4.851619005203247070e-01
-1.054777741432189941e+00
-1.592352747917175293e+00
-7.684314846992492676e-01
9.545994549989700317e-02
6.353553533554077148e-01
-4.890245795249938965e-01
1.916379928588867188e-01
3.445152342319488525e-01
4.715864360332489014e-01
-9.700209498405456543e-01
-7.249262928962707520e-01
6.689439415931701660e-01
-7.849858999252319336e-01
8.176667094230651855e-01
9.085285663604736328e-02
3.904700875282287598e-01
1.446065902709960938e+00
-4.302879422903060913e-02
-1.093236684799194336e+00
-9.306525588035583496e-01
2.620023488998413086e-01
1.828688621520996094e+00
6.345384120941162109e-01
2.703046239912509918e-02
-5.101003646850585938e-01
6.713212281465530396e-02
1.751705408096313477e+00
-1.996624022722244263e-01
-1.374773859977722168e+00
-9.010113030672073364e-02
-5.584029555320739746e-01
5.496110916137695312e-01
1.327331423759460449e+00
-1.200843453407287598e+00
-1.019254088401794434e+00
1.860222220420837402e-01
8.912164717912673950e-02
7.118545770645141602e-01
1.309928447008132935e-01
1.010178804397583008e+00
-1.496830940246582031e+00
-1.318583607673645020e+00
-6.787923574447631836e-01
-6.977306604385375977e-01
5.446750521659851074e-01
1.684304714202880859e+00
-4.597138166427612305e-01
-2.023837119340896606e-01
-2.132284194231033325e-01
1.509221941232681274e-01
-4.267802536487579346e-01
4.767928123474121094e-01
-6.336007118225097656e-01
8.959861993789672852e-01
-5.181787610054016113e-01
4.483817145228385925e-02
-4.348546266555786133e-01
-1.380741477012634277e+00
-3.863603770732879639e-01
7.648633420467376709e-02
1.321718335151672363e+00
-1.148303985595703125e+00
1.872016787528991699e+00
-1.703096926212310791e-01
-2.976798117160797119e-01
-4.153678417205810547e-01
4.866353869438171387e-01
-9.344958662986755371e-01
6.427877545356750488e-01
-5.240575671195983887e-01
-1.601969361305236816e+00
1.325314164161682129e+00
-4.529511034488677979e-01
4.345625638961791992e-01
7.171037793159484863e-01
7.022461891174316406e-01
-2.722930669784545898e+00
3.685078024864196777e-01
-9.224932193756103516e-01
-6.812997460365295410e-01
-1.150788307189941406e+00
-5.748750567436218262e-01
5.428236722946166992e-01
6.522887349128723145e-01
-8.712808042764663696e-02
1.941342592239379883e+00
8.724338412284851074e-01
7.703083157539367676e-01
-5.812061429023742676e-01
2.989416122436523438e-01
-8.710311651229858398e-01
-8.233839869499206543e-01
1.177753925323486328e+00
-8.392300605773925781e-01
-5.617782473564147949e-01
-4.953343793749809265e-02
-6.901118755340576172e-01
2.636678814888000488e-01
-7.952059507369995117e-01
7.252237796783447266e-01
-5.580503344535827637e-01
-1.077507734298706055e+00
5.238437056541442871e-01
-1.599975109100341797e+00
-4.691043794155120850e-01
1.239048123359680176e+00
-7.639262080192565918e-02
5.424937009811401367e-01
-1.176015496253967285e+00
9.969311952590942383e-02
6.720792055130004883e-01
-3.932940959930419922e-01
1.068187475204467773e+00
6.370135545730590820e-01
-8.966503739356994629e-01
5.126501321792602539e-01
7.093816399574279785e-01
-1.030227780342102051e+00
-7.074847221374511719e-01
-2.538499355316162109e+00
-3.242517635226249695e-02
7.441139221191406250e-01
4.071308076381683350e-01
-1.160626530647277832e+00
-4.455508887767791748e-01
-1.925376206636428833e-01
-7.400166392326354980e-01
-3.097021877765655518e-01
7.142534852027893066e-01
4.670304954051971436e-01
3.794831335544586182e-01
1.008165121078491211e+00
-6.264687776565551758e-01
4.022967517375946045e-01
1.583585381507873535e+00
6.948595643043518066e-01
8.404679894447326660e-01
2.129338532686233521e-01
7.104403525590896606e-02
1.416028439998626709e-01
4.765454828739166260e-01
1.303923964500427246e+00
8.869528770446777344e-01
5.485355257987976074e-01
7.259650528430938721e-02
-7.137717008590698242e-01
2.261111289262771606e-01
6.320829987525939941e-01
3.994450569152832031e-01
4.798464179039001465e-01
-1.964706778526306152e-01
-6.284899711608886719e-01
-3.966343998908996582e-01
-7.352863550186157227e-01
7.088357806205749512e-01
1.630434155464172363e+00
1.185787916183471680e+00
-9.072623848915100098e-01
1.160388439893722534e-01
-3.698781132698059082e-01
1.188889145851135254e-01
-3.052766919136047363e-01
-1.237215638160705566e+00
9.700216650962829590e-01
-1.227073431015014648e+00
1.017211914062500000e+00
-1.279236912727355957e+00
2.066574811935424805e+00
8.302722871303558350e-02
-7.635475695133209229e-02
3.248436748981475830e-01
2.630550861358642578e-01
8.541252464056015015e-02
1.112762689590454102e+00
-9.797090888023376465e-01
-8.114562630653381348e-01
-2.174763232469558716e-01
6.686913967132568359e-01
4.339112713932991028e-02
-2.381445169448852539e-01
7.990624904632568359e-01
5.699474215507507324e-01
-1.181075453758239746e+00
-2.252049297094345093e-01
4.184840619564056396e-01
-1.152604222297668457e+00
1.361678093671798706e-01
1.420275568962097168e-01
-3.217804729938507080e-01
-1.177417516708374023e+00
9.039741158485412598e-01
1.065477609634399414e+00
1.359600663185119629e+00
1.022294163703918457e+00
6.082754731178283691e-01
-3.663837909698486328e-01
-7.614781260490417480e-01
2.734411954879760742e-01
-5.139721632003784180e-01
-2.858885526657104492e-01
-7.718154788017272949e-01
-4.977913498878479004e-01
6.600459814071655273e-01
-6.117545962333679199e-01
9.646700620651245117e-01
-2.110270708799362183e-01
1.807423591613769531e+00
-8.144081234931945801e-01
-6.342456936836242676e-01
-8.586835861206054688e-01
-1.204809069633483887e+00
6.613841652870178223e-01
-2.369651794433593750e-01
-3.012780472636222839e-02
-6.810820847749710083e-02
-6.740862727165222168e-01
1.699385643005371094e+00
-3.973869681358337402e-01
9.900049120187759399e-02
-1.372675180435180664e+00
6.805476546287536621e-01
-4.331083297729492188e-01
6.901169419288635254e-01
-9.960685968399047852e-01
8.828828334808349609e-01
-1.236915469169616699e+00
3.212199807167053223e-01
-1.332122325897216797e+00
9.917708635330200195e-01
1.243613362312316895e+00
-1.322987794876098633e+00
1.637502163648605347e-01
1.553314477205276489e-01
1.514611005783081055e+00
9.846935868263244629e-01
-2.041152477264404297e+00
6.081628799438476562e-01
1.354430794715881348e+00
-3.961113691329956055e-01
-4.814138710498809814e-01
1.206629350781440735e-01
4.068458676338195801e-01
1.703625917434692383e-02
-1.195972561836242676e+00
-1.701169610023498535e-01
-1.055739045143127441e+00
-1.658413052558898926e+00
-4.887134134769439697e-01
-2.375368587672710419e-02
-5.774282217025756836e-01
-1.814597725868225098e+00
-3.981381952762603760e-01
2.767606675624847412e-01
-6.080456972122192383e-01
1.033459424972534180e+00
1.413468360900878906e+00
1.389812111854553223e+00
3.582865297794342041e-01
2.602740526199340820e-01
6.669493019580841064e-02
-9.748193621635437012e-01
-8.770272731781005859e-01
1.590207576751708984e+00
1.855899542570114136e-01
2.668946385383605957e-01
-7.721261382102966309e-01
-1.511750936508178711e+00
-5.764693617820739746e-01
1.327501416206359863e+00
-2.728474736213684082e-01
5.127465724945068359e-02
1.731184422969818115e-01
-4.803427755832672119e-01
9.884994626045227051e-01
3.417692184448242188e-01
1.081606745719909668e+00
-2.653247117996215820e-01
1.100707724690437317e-01
-4.588558971881866455e-01
-1.340876102447509766e+00
7.696828246116638184e-01
1.697970867156982422e+00
-8.623134344816207886e-03
-5.672765374183654785e-01
2.254579961299896240e-01
-1.642269372940063477e+00
-1.205628395080566406e+00
8.047449588775634766e-01
-6.361831426620483398e-01
-1.038462400436401367e+00
6.246711015701293945e-01
-8.172086477279663086e-01
-3.520377278327941895e-01
9.546957015991210938e-01
-1.316071391105651855e+00
2.420011907815933228e-01
-2.861128449440002441e-01
-1.390741586685180664e+00
3.107414543628692627e-01
4.475071132183074951e-01
1.605432510375976562e+00
-1.490563511848449707e+00
7.575830817222595215e-01
-1.347342729568481445e+00
-1.684022396802902222e-01
-3.709825277328491211e-01
1.043177723884582520e+00
-1.449338644742965698e-01
1.329469531774520874e-01
3.176441490650177002e-01
3.173055350780487061e-01
-1.091988801956176758e+00
6.904242038726806641e-01
3.999181389808654785e-01
-1.258543014526367188e+00
-5.608301237225532532e-02
9.025641083717346191e-01
2.181315720081329346e-01
-4.280242025852203369e-01
-1.269929707050323486e-01
-1.091735124588012695e+00
1.582344889640808105e+00
-4.084018468856811523e-01
2.101799100637435913e-01
1.092484951019287109e+00
-4.307134151458740234e-01
-1.891014099121093750e+00
-5.533117651939392090e-01
-1.007938146591186523e+00
-8.523229360580444336e-01
-6.183979511260986328e-01
-1.131184026598930359e-01
-7.958273887634277344e-01
9.546357393264770508e-01
1.791243314743041992e+00
2.132314741611480713e-01
-5.779671669006347656e-01
-2.842291593551635742e-01
9.062921404838562012e-01
-5.377756357192993164e-01
8.188994526863098145e-01
3.226567506790161133e-01
1.478179693222045898e+00
6.280627101659774780e-02
9.231158494949340820e-01
2.009613811969757080e-01
1.222123742103576660e+00
1.088953763246536255e-01
1.038298130035400391e+00
-1.197143197059631348e+00
1.152224317193031311e-01
8.523805066943168640e-03
-5.058919191360473633e-01
-2.151342034339904785e-01
2.285313129425048828e+00
1.270817160606384277e+00
-1.761714071035385132e-01
-1.127584815025329590e+00
-2.005716800689697266e+00
-5.926932692527770996e-01
9.359605312347412109e-01
1.601012587547302246e+00
-9.388513565063476562e-01
-9.235733747482299805e-01
2.246229201555252075e-01
3.143662214279174805e-01
-1.659019738435745239e-01
-2.190882116556167603e-01
-8.209250569343566895e-01
-6.823387145996093750e-01
-1.839787364006042480e+00
-1.193216800689697266e+00
-1.832472920417785645e+00
6.535682678222656250e-01
3.194692730903625488e-02
-1.957397580146789551e+00
2.173362970352172852e-01
-8.440806269645690918e-01
-6.159930825233459473e-01
-8.241235613822937012e-01
5.048555731773376465e-01
-1.365528345108032227e+00
8.266540765762329102e-01
-1.431219279766082764e-01
1.759120821952819824e-02
6.206058263778686523e-01
-6.470885872840881348e-01
1.086795210838317871e+00
7.252088785171508789e-01
-4.276008605957031250e-01
6.581495702266693115e-02
5.407751798629760742e-01
3.105302453041076660e-01
-9.236440062522888184e-01
1.408047199249267578e+00
3.878365159034729004e-01
-9.371122121810913086e-01
3.916813135147094727e-01
-3.735073208808898926e-01
1.881748080253601074e+00
9.031209349632263184e-01
8.970753550529479980e-01
-5.896890908479690552e-02
-6.657114028930664062e-01
-1.365975439548492432e-01
-1.016601324081420898e+00
6.875623464584350586e-01
6.338042616844177246e-01
9.475818872451782227e-01
-3.042714595794677734e-01
1.181860327720642090e+00
9.856944680213928223e-01
-4.885308742523193359e-01
-5.785709619522094727e-01
-9.600472450256347656e-01
-3.553520739078521729e-01
-6.389809250831604004e-01
-5.086702704429626465e-01
-3.074577152729034424e-01
-2.432485222816467285e-01
-1.727443456649780273e+00
-6.060001850128173828e-01
-1.636565685272216797e+00
-2.617567405104637146e-02
-7.331681847572326660e-01
-4.917169809341430664e-01
-1.962221264839172363e+00
1.450138837099075317e-01
1.289917081594467163e-01
-4.811396300792694092e-01
4.692183807492256165e-02
-1.013356447219848633e+00
3.261671364307403564e-01
-6.078526973724365234e-01
-5.529147386550903320e-01
-3.553949892520904541e-01
5.260664224624633789e-01
5.861272215843200684e-01
3.448861837387084961e-01
-4.821124076843261719e-01
1.719888567924499512e+00
4.079387485980987549e-01
4.906916916370391846e-01
1.974172949790954590e+00
1.835211873054504395e+00
4.718513190746307373e-01
-1.336935609579086304e-01
-1.178650632500648499e-01
8.417946696281433105e-01
-2.439020633697509766e+00
-2.139173030853271484e+00
3.711397647857666016e-01
3.301312625408172607e-01
5.550302192568778992e-02
1.621202588081359863e+00
-1.175572276115417480e+00
-3.035684227943420410e-01
