-1.526579856872558594e+00
-1.589290648698806763e-01
-8.310868740081787109e-01
-2.144764184951782227e+00
-1.201289772987365723e+00
5.843635201454162598e-01
-5.768579244613647461e-01
-8.435117602348327637e-01
-6.114025712013244629e-01
1.901245117187500000e+00
-7.186989784240722656e-01
-1.364759802818298340e+00
-1.429744720458984375e+00
1.620506286621093750e+00
1.408953368663787842e-01
-2.047957479953765869e-01
1.817138910293579102e+00
1.284104943275451660e+00
-5.148283839225769043e-01
-2.143558979034423828e+00
-1.068003773689270020e+00
1.642629951238632202e-01
-1.132265567779541016e+00
1.175677701830863953e-01
-1.436182763427495956e-02
8.887305855751037598e-01
9.536099433898925781e-01
-9.417034983634948730e-01
-4.576411545276641846e-01
-8.746333122253417969e-01
-1.934422850608825684e-01
1.239140391349792480e+00
-7.222008705139160156e-01
-9.551595449447631836e-01
-1.536258697509765625e+00
-6.954668164253234863e-01
-1.542343020439147949e+00
1.135282039642333984e+00
-5.616446733474731445e-01
7.691598534584045410e-01
1.249543190002441406e+00
1.796646118164062500e-01
-2.970784306526184082e-01
2.117308139801025391e+00
1.901507228612899780e-01
1.736479550600051880e-01
-6.532924771308898926e-01
8.702170252799987793e-01
-1.100869536399841309e+00
-9.433953762054443359e-01
5.952541828155517578e-01
-1.395172953605651855e+00
-4.049296379089355469e-01
1.756869405508041382e-01
-7.259837985038757324e-01
-1.485533475875854492e+00
6.733324527740478516e-01
-1.469612836837768555e+00
3.360412716865539551e-01
-1.313031077384948730e+00
8.894636034965515137e-01
4.579750001430511475e-01
2.185600280761718750e+00
4.480829238891601562e-01
-8.638194948434829712e-02
-9.326999783515930176e-01
4.108073413372039795e-01
1.979498028755187988e+00
1.208586454391479492e+00
-7.985554337501525879e-01
-7.481520175933837891e-01
9.982280731201171875e-01
6.253509521484375000e-01
4.544744193553924561e-01
1.884647160768508911e-01
-2.293403819203376770e-02
-1.704252660274505615e-01
2.485406696796417236e-01
-1.090445995330810547e+00
2.691163448616862297e-03
-2.808265686035156250e-01
-1.497944474220275879e+00
-7.169526815414428711e-01
1.147942066192626953e+00
2.093146890401840210e-01
4.486862719058990479e-01
-1.765737533569335938e-01
1.260995030403137207e+00
-9.979058504104614258e-01
-2.406702995300292969e+00
-5.100272297859191895e-01
-1.561957359313964844e+00
2.267999807372689247e-03
8.055874109268188477e-01
-9.328796714544296265e-02
-2.851489186286926270e-01
-6.593310236930847168e-01
-3.032435849308967590e-02
1.721533387899398804e-01
9.841991215944290161e-02
2.118365287780761719e+00
-3.435851931571960449e-01
-1.010623574256896973e+00
-5.804428458213806152e-01
7.758613228797912598e-01
1.632209718227386475e-01
-1.419980287551879883e+00
5.687123537063598633e-01
9.494014978408813477e-01
1.595595002174377441e+00
-7.248817710205912590e-04
5.332208052277565002e-02
1.600641608238220215e+00
5.169792845845222473e-02
7.176777720451354980e-02
-2.043136119842529297e+00
2.732543349266052246e-01
1.069880604743957520e+00
2.702537775039672852e-01
8.728894591331481934e-01
3.936099410057067871e-01
3.573257327079772949e-01
-2.020494937896728516e+00
2.690752148628234863e-01
-2.743126451969146729e-01
1.286398410797119141e+00
5.734216570854187012e-01
-3.694077730178833008e-01
