3.385785818099975586e-01
-1.296220779418945312e+00
9.992670416831970215e-01
-1.120347142219543457e+00
-2.539278566837310791e-02
1.028559923171997070e+00
-4.829713329672813416e-02
-7.080867886543273926e-01
1.104459092020988464e-01
7.730592489242553711e-01
8.071370422840118408e-02
1.414826631546020508e+00
-1.494130253791809082e+00
4.783458113670349121e-01
3.347126021981239319e-02
1.759863495826721191e+00
-1.227972581982612610e-01
-1.210100576281547546e-01
1.214312836527824402e-01
-6.023960113525390625e-01
7.260778546333312988e-01
-6.964313387870788574e-01
-1.273756742477416992e+00
-2.361852169036865234e+00
-8.720755577087402344e-01
-5.814937949180603027e-01
6.061199307441711426e-01
9.921531677246093750e-01
-9.729918837547302246e-01
-2.769232511520385742e+00
-1.013484954833984375e+00
4.997206032276153564e-01
1.967703461647033691e+00
-2.095121860504150391e+00
-1.559192657470703125e+00
6.692508701235055923e-03
8.767760396003723145e-01
-1.074611172080039978e-01
-1.397951364517211914e+00
9.592297077178955078e-01
-3.823552131652832031e-01
1.741247773170471191e-01
2.142836809158325195e+00
-9.878599047660827637e-01
-3.467365801334381104e-01
1.943956375122070312e+00
-9.075309634208679199e-01
-3.119431436061859131e-01
-4.243577718734741211e-01
-1.052668929100036621e+00
-5.177606940269470215e-01
-9.058339595794677734e-01
6.663448363542556763e-02
1.363839581608772278e-02
-1.536569356918334961e+00
2.059425592422485352e+00
-9.625477194786071777e-01
1.312284637242555618e-02
5.216727256774902344e-01
-1.327721751295030117e-03
-1.331306815147399902e+00
-5.615368485450744629e-01
1.360551238059997559e+00
9.762778878211975098e-01
6.637826561927795410e-02
-3.612190485000610352e-02
-4.223288595676422119e-01
-3.631800115108489990e-01
-1.001734286546707153e-01
1.098812222480773926e+00
-2.466029673814773560e-01
7.674400806427001953e-01
5.452949404716491699e-01
-5.021175742149353027e-01
1.541524887084960938e+00
-8.588362336158752441e-01
6.266413927078247070e-01
-4.694263935089111328e-01
2.426562309265136719e-01
6.739815473556518555e-01
-1.278012990951538086e+00
-1.030999898910522461e+00
-7.221336364746093750e-01
7.204810380935668945e-01
2.747806012630462646e-01
-3.478038012981414795e-01
1.434722900390625000e+00
5.834408998489379883e-01
4.298306703567504883e-01
-1.528766155242919922e+00
1.796019077301025391e+00
4.474960267543792725e-02
-6.345199346542358398e-01
9.402613639831542969e-01
6.813457608222961426e-01
-3.117900192737579346e-01
4.244692325592041016e-01
8.102360963821411133e-01
-1.618088603019714355e+00
-1.934025622904300690e-02
1.142858266830444336e+00
-8.729052543640136719e-02
3.904163241386413574e-01
-4.441720247268676758e-01
4.245687723159790039e-01
3.430597484111785889e-01
7.709218263626098633e-01
-9.463418126106262207e-01
3.867754042148590088e-01
-2.732072174549102783e-01
1.357694625854492188e+00
-3.539963364601135254e-01
8.361038565635681152e-01
5.613632798194885254e-01
2.601671218872070312e-02
5.512749552726745605e-01
-5.855278372764587402e-01
-1.220196008682250977e+00
7.114091515541076660e-02
-2.829357609152793884e-02
1.967410802841186523e+00
1.058343410491943359e+00
-2.040909379720687866e-01
8.359425067901611328e-01
9.107448458671569824e-01
-2.349971979856491089e-01
2.676801443099975586e+00
-1.453708857297897339e-01
-1.365881681442260742e+00
3.626069426536560059e-01
-1.392846703529357910e+00
1.051279425621032715e+00
-1.630884885787963867e+00
4.875506162643432617e-01
5.577873587608337402e-01
2.622904479503631592e-01
9.660057723522186279e-02
6.977191567420959473e-01
1.097815707325935364e-01
-7.920799851417541504e-01
3.845297098159790039e-01
-6.465230882167816162e-02
5.427050590515136719e-01
1.273482203483581543e+00
5.250261425971984863e-01
4.552328884601593018e-01
-2.087227582931518555e+00
5.561816096305847168e-01
3.789625167846679688e-01
1.395736217498779297e+00
3.792760968208312988e-01
-1.433663845062255859e+00
-3.190699219703674316e-01
-1.047981977462768555e+00
-4.235158860683441162e-01
-7.144352197647094727e-01
1.087592840194702148e+00
1.358816474676132202e-01
-5.104976892471313477e-01
-2.870143651962280273e-01
-1.587567180395126343e-01
-4.596234560012817383e-01
1.815225481986999512e+00
-4.579450786113739014e-01
8.505305051803588867e-01
2.821131467819213867e+00
-2.386963665485382080e-01
1.074581861495971680e+00
8.465228080749511719e-01
-1.793442368507385254e+00
9.460444450378417969e-01
5.371621251106262207e-01
2.298133969306945801e-01
-5.600724220275878906e-01
-5.389896035194396973e-01
2.200849533081054688e+00
-2.547714412212371826e-01
4.956929385662078857e-01
1.876412779092788696e-01
-3.510636389255523682e-01
5.351566076278686523e-01
1.972570419311523438e-01
-1.182603687047958374e-01
-1.374668121337890625e+00
7.191923856735229492e-01
-1.226251363754272461e+00
-7.656425237655639648e-01
3.186604380607604980e-02
-1.225609421730041504e+00
1.614762097597122192e-01
7.393319159746170044e-02
-5.099127888679504395e-01
-8.963867425918579102e-01
-5.381036996841430664e-01
-1.488435745239257812e+00
3.510100543498992920e-01
-4.284495413303375244e-01
-2.860552966594696045e-01
-9.878218173980712891e-01
8.187823928892612457e-03
-1.000250458717346191e+00
1.917385101318359375e+00
-2.186204046010971069e-01
9.294716119766235352e-01
1.055714726448059082e+00
1.563320159912109375e-01
3.614274263381958008e-01
1.219130277633666992e+00
5.060564875602722168e-01
-1.895444244146347046e-01
5.923710465431213379e-01
-1.392196416854858398e+00
-3.521794080734252930e-01
1.563859730958938599e-01
-5.873230695724487305e-01
1.528437256813049316e+00
6.827375292778015137e-01
-9.326324462890625000e-01
5.556515455245971680e-01
-1.547501683235168457e+00
-1.455011010169982910e+00
-1.046241402626037598e+00
-4.268880784511566162e-01
6.430959105491638184e-01
7.160713672637939453e-01
-9.231612682342529297e-01
-1.998151093721389771e-01
1.836970686912536621e+00
-7.038956880569458008e-01
-2.767358720302581787e-01
-3.248089551925659180e-01
-3.971316814422607422e-01
-6.440058350563049316e-01
6.276440620422363281e-02
-9.433199167251586914e-01
1.137850165367126465e+00
7.967233061790466309e-01
-5.383603572845458984e-01
-8.291817307472229004e-01
-2.268498241901397705e-01
-1.864551782608032227e+00
3.730739653110504150e-01
8.921246528625488281e-01
-4.170341491699218750e-01
1.936698704957962036e-01
5.659397840499877930e-01
1.807260274887084961e+00
1.225219488143920898e+00
7.250955104827880859e-01
-2.210950374603271484e+00
1.258558630943298340e+00
1.187352180480957031e+00
-1.025195360183715820e+00
7.677027583122253418e-01
-1.311831235885620117e+00
-4.626496732234954834e-01
-7.954932004213333130e-02
7.649291753768920898e-01
-1.086238980293273926e+00
8.422755599021911621e-01
-1.193221807479858398e-01
1.172416448593139648e+00
1.493494305759668350e-02
-3.517453074455261230e-01
-2.129200220108032227e+00
1.033458709716796875e+00
-5.126538276672363281e-01
-4.515298008918762207e-01
-6.326503157615661621e-01
-1.098836541175842285e+00
-1.006996631622314453e+00
8.473801016807556152e-01
1.705323338508605957e+00
-2.082826793193817139e-01
1.815170347690582275e-01
-3.196005821228027344e-01
2.695774137973785400e-01
5.205225571990013123e-02
-3.883801698684692383e-01
-8.880452513694763184e-01
6.258261948823928833e-02
-8.648592829704284668e-01
8.199532628059387207e-01
-1.175936579704284668e+00
1.105394601821899414e+00
4.504065588116645813e-02
9.137058854103088379e-01
-1.739469915628433228e-01
-4.004395902156829834e-01
2.225351035594940186e-01
-2.687171101570129395e-01
-1.657295525074005127e-01
-1.257714271545410156e+00
-3.348655300214886665e-03
-7.636852860450744629e-01
6.719480156898498535e-01
1.326663851737976074e+00
-2.981028854846954346e-01
3.648907244205474854e-01
-1.089503988623619080e-01
1.159570217132568359e+00
-6.997446417808532715e-01
5.053940415382385254e-01
1.108669519424438477e+00
1.330667257308959961e+00
2.074934244155883789e+00
1.097698926925659180e+00
-3.772913813591003418e-01
5.538093447685241699e-01
1.915410280227661133e+00
3.269537538290023804e-02
2.816992700099945068e-01
-9.003072977066040039e-01
5.586498603224754333e-02
-7.591434717178344727e-01
8.246744275093078613e-01
1.351189166307449341e-01
-7.558643072843551636e-02
-1.893322169780731201e-01
1.295222640037536621e+00
8.403035998344421387e-01
1.125224232673645020e+00
9.985417127609252930e-01
1.672973185777664185e-01
-1.461386382579803467e-01
1.499348044395446777e+00
7.700890302658081055e-01
8.935813307762145996e-01
-8.234528899192810059e-01
8.296755552291870117e-01
6.972044110298156738e-01
-1.356322407722473145e+00
7.534646391868591309e-01
1.494565725326538086e+00
4.047389328479766846e-01
-5.935793519020080566e-01
5.371373295783996582e-01
-4.070741832256317139e-01
-4.213890433311462402e-01
1.926311701536178589e-01
5.891004204750061035e-01
3.442469239234924316e-01
1.006995916366577148e+00
1.118849217891693115e-01
-5.903574824333190918e-01
5.205817222595214844e-01
-1.289108037948608398e+00
1.481600284576416016e+00
1.864545196294784546e-01
-2.343300133943557739e-01
-8.955751657485961914e-01
1.233961462974548340e+00
6.322067379951477051e-01
2.292373180389404297e-01
2.317712306976318359e-01
2.962773442268371582e-01
-6.898223161697387695e-01
3.255259692668914795e-01
-9.022847563028335571e-02
-2.970565855503082275e-01
-5.415322184562683105e-01
-4.852985441684722900e-01
1.596805095672607422e+00
-6.942261755466461182e-02
-3.173991441726684570e-01
2.315274953842163086e+00
-3.084605932235717773e-01
-1.636463403701782227e+00
3.541957139968872070e-01
1.210859715938568115e-01
-3.360080122947692871e-01
-1.215134024620056152e+00
1.417007207870483398e+00
-1.513092517852783203e-01
1.347899675369262695e+00
-2.095293521881103516e+00
3.647744655609130859e-01
-1.140221834182739258e+00
7.696699500083923340e-01
1.519860327243804932e-01
-1.121975779533386230e+00
-1.149836555123329163e-01
3.248572647571563721e-01
-1.212762832641601562e+00
1.729706764221191406e+00
-3.003031313419342041e-01
-8.520733118057250977e-01
-1.926550567150115967e-01
1.097470998764038086e+00
3.742767572402954102e-01
2.549561560153961182e-01
3.383325040340423584e-01
4.969869852066040039e-01
9.964403510093688965e-02
7.205712199211120605e-01
-1.430918693542480469e+00
2.750388979911804199e-01
-5.652318522334098816e-02
-2.813073992729187012e-01
3.378573432564735413e-02
1.529127061367034912e-01
-8.124893903732299805e-01
1.386536598205566406e+00
3.738797903060913086e-01
2.929335832595825195e-01
-2.096621036529541016e+00
-7.717705965042114258e-01
6.607397794723510742e-01
-4.350642859935760498e-01
6.445898860692977905e-02
5.213134884834289551e-01
-2.977885603904724121e-01
-1.783355236053466797e+00
-7.835227847099304199e-01
-1.009126424789428711e+00
-1.306576371192932129e+00
-1.307596087455749512e+00
-8.435366302728652954e-02
7.316932082176208496e-01
2.138941526412963867e+00
-1.542476177215576172e+00
3.221754431724548340e-01
2.858230769634246826e-01
7.227962017059326172e-01
-8.518579602241516113e-01
1.395305156707763672e+00
1.287889480590820312e+00
-9.809443354606628418e-01
-9.882844686508178711e-01
7.406182885169982910e-01
-2.538896501064300537e-01
-9.893745183944702148e-02
2.432910650968551636e-01
8.335387706756591797e-01
3.441810607910156250e-01
-1.745328754186630249e-01
6.049390435218811035e-01
9.034104943275451660e-01
8.141006827354431152e-01
-2.765189707279205322e-01
8.401947617530822754e-01
-4.034295678138732910e-01
8.864592313766479492e-01
1.720653414726257324e+00
4.156729280948638916e-01
-9.728357791900634766e-01
-9.288854598999023438e-01
-9.040642529726028442e-03
-2.021064423024654388e-02
-6.049275398254394531e-01
6.776415109634399414e-01
1.043984651565551758e+00
1.282470703125000000e+00
6.406783461570739746e-01
5.449611693620681763e-02
9.727522730827331543e-01
5.365828871726989746e-01
2.096575051546096802e-01
-1.662110984325408936e-01
4.959724545478820801e-01
1.643634736537933350e-01
4.474277496337890625e-01
-1.694854736328125000e+00
-1.312914490699768066e+00
-1.848232001066207886e-01
-6.213053464889526367e-01
-5.779934674501419067e-02
-1.143089771270751953e+00
5.311963558197021484e-01
-4.402642250061035156e-01
-1.104259565472602844e-01
4.386661648750305176e-01
-1.447625041007995605e+00
4.628534913063049316e-01
-8.491750955581665039e-01
-2.174941062927246094e+00
-7.330633401870727539e-01
-1.427732586860656738e+00
-1.231769084930419922e+00
-1.896679103374481201e-01
-1.448171734809875488e+00
3.975360095500946045e-01
-6.176443696022033691e-01
1.101376175880432129e+00
-3.157173395156860352e-01
1.361864924430847168e+00
2.890493273735046387e-01
-3.457201123237609863e-01
3.887644410133361816e-01
1.778124570846557617e+00
-1.302011728286743164e+00
-5.339402556419372559e-01
5.336836576461791992e-01
-1.921685218811035156e+00
-1.007604241371154785e+00
9.619483947753906250e-01
-1.176922917366027832e+00
3.069441616535186768e-01
1.329142570495605469e+00
1.050280570983886719e+00
1.724561154842376709e-01
-2.109251171350479126e-02
-1.765935271978378296e-01
1.409789085388183594e+00
1.604161597788333893e-02
-5.883051753044128418e-01
-1.818768829107284546e-01
-2.206035703420639038e-01
-1.713458538055419922e+00
1.248444557189941406e+00
-4.346794486045837402e-01
2.839915156364440918e-01
1.389510333538055420e-01
-5.133831501007080078e-01
2.371234595775604248e-01
-6.855254769325256348e-01
-6.792376041412353516e-01
4.173890948295593262e-01
-1.664426326751708984e+00
1.986893415451049805e+00
7.049471735954284668e-01
-4.260841310024261475e-01
9.097338914871215820e-01
8.379218578338623047e-01
4.081225693225860596e-01
-1.301673948764801025e-01
-1.317074000835418701e-01
-2.418317496776580811e-01
-1.295359581708908081e-01
1.311956644058227539e+00
1.716230511665344238e+00
5.536571145057678223e-01
-1.020045638084411621e+00
-1.137937188148498535e+00
-4.219814538955688477e-01
-8.945448994636535645e-01
1.502281725406646729e-01
-8.874202966690063477e-01
-1.065594673156738281e+00
-1.295423030853271484e+00
5.723410248756408691e-01
-8.548328280448913574e-01
-3.937658295035362244e-02
3.108059465885162354e-01
-2.186338186264038086e+00
5.947941541671752930e-02
9.963009506464004517e-02
-1.401429891586303711e+00
1.188398376107215881e-01
1.504162669181823730e+00
-8.591820299625396729e-02
8.808044195175170898e-01
4.863835573196411133e-01
-1.625601172447204590e+00
1.836020648479461670e-01
-7.594681382179260254e-01
6.176193952560424805e-01
1.380622625350952148e+00
4.904921054840087891e-01
-1.337707340717315674e-01
-1.228659629821777344e+00
-1.178977727890014648e+00
-2.820280790328979492e-01
-1.049542948603630066e-01
8.274242281913757324e-03
-6.860559582710266113e-01
-1.713492393493652344e+00
1.638274490833282471e-01
1.494632959365844727e+00
6.900762319564819336e-01
1.205063939094543457e+00
-7.382341623306274414e-01
6.703536510467529297e-01
-7.014940977096557617e-01
-2.466601580381393433e-01
-1.709422945976257324e+00
-8.700522780418395996e-01
-1.571119546890258789e+00
7.678956389427185059e-01
-2.625432014465332031e-01
-7.653214335441589355e-01
-9.068644046783447266e-01
-1.645682930946350098e+00
-7.621380686759948730e-01
-4.674914181232452393e-01
-6.830978393554687500e-01
1.036453247070312500e+00
-6.919032335281372070e-01
-8.984528779983520508e-01
-5.300021171569824219e-01
2.029656022787094116e-01
3.368371129035949707e-01
-1.018006876111030579e-01
-2.082297325134277344e+00
-7.768355011940002441e-01
-1.180190920829772949e+00
-1.418262243270874023e+00
2.485185861587524414e+00
-1.374952316284179688e+00
5.251719355583190918e-01
2.863053977489471436e-01
1.289316892623901367e+00
1.870471686124801636e-01
-1.529236584901809692e-01
2.386742115020751953e+00
4.990988075733184814e-01
-2.883264608681201935e-02
-1.569113373756408691e+00
7.551821470260620117e-01
-2.832999266684055328e-02
1.356612920761108398e+00
-8.407278060913085938e-01
4.499196410179138184e-01
-7.427101135253906250e-01
5.585548877716064453e-01
-1.177985429763793945e+00
1.329921841621398926e+00
7.892016321420669556e-02
8.969481587409973145e-01
-7.969629168510437012e-01
-8.665280342102050781e-01
4.506403505802154541e-01
1.422864675521850586e+00
9.536515474319458008e-01
1.552398204803466797e+00
6.964861154556274414e-01
1.934597611427307129e+00
-1.114028096199035645e+00
-3.432401716709136963e-01
5.568701624870300293e-01
1.811864972114562988e+00
2.415437810122966766e-02
-5.429010391235351562e-01
-4.550012350082397461e-01
2.562791705131530762e-01
5.047592520713806152e-01
-2.082538127899169922e+00
-3.657881617546081543e-01
2.486610412597656250e-01
-1.571502164006233215e-02
7.881200313568115234e-01
1.028748512268066406e+00
-1.328873157501220703e+00
-6.453104019165039062e-01
3.382066786289215088e-01
-4.512109160423278809e-01
7.608788460493087769e-02
5.098181366920471191e-01
2.877993285655975342e-01
1.122104763984680176e+00
-4.306212358642369509e-04
7.237426936626434326e-02
3.771357536315917969e-01
-8.487482666969299316e-01
2.876949310302734375e-01
-4.788592085242271423e-02
-1.130847811698913574e+00
-8.166943788528442383e-01
-9.972655028104782104e-02
1.189588785171508789e+00
8.509630560874938965e-01
1.789497613906860352e+00
1.188590288162231445e+00
-1.072970986366271973e+00
-1.815122604370117188e+00
8.072281479835510254e-01
1.467873156070709229e-02
1.594492554664611816e+00
-4.834859073162078857e-01
-9.661624431610107422e-01
1.678176075220108032e-01
9.300169944763183594e-01
1.228097319602966309e+00
-1.789436191320419312e-01
1.384201884269714355e+00
1.360863208770751953e+00
6.333619356155395508e-01
-1.789732694625854492e+00
-1.264970898628234863e+00
6.311505436897277832e-01
-7.745352983474731445e-01
-2.883606590330600739e-03
5.678212046623229980e-01
1.148131012916564941e+00
-1.870282530784606934e+00
5.698601529002189636e-02
-3.610760271549224854e-01
-2.005903244018554688e+00
-8.548441529273986816e-01
1.505392640829086304e-01
5.681653022766113281e-01
1.081167221069335938e+00
1.398810744285583496e+00
-3.201238512992858887e-01
8.710883259773254395e-01
-1.725306734442710876e-02
-9.485629796981811523e-01
2.576125860214233398e-01
-5.206527113914489746e-01
1.086995363235473633e+00
8.079569339752197266e-01
1.003867745399475098e+00
-2.245267331600189209e-01
-5.459895133972167969e-01
9.980773925781250000e-01
3.273055553436279297e-01
-1.019874215126037598e+00
-3.256884813308715820e+00
8.976616859436035156e-01
1.034354209899902344e+00
2.367170333862304688e+00
1.322981357574462891e+00
-1.311777234077453613e-01
1.468488216400146484e+00
-1.154253840446472168e+00
1.465664625167846680e+00
1.771202683448791504e-01
-5.056993961334228516e-01
-2.273981124162673950e-01
3.640936911106109619e-01
5.065086483955383301e-01
1.890574097633361816e+00
1.253133296966552734e+00
-4.421985149383544922e-02
3.643763959407806396e-01
-1.437454223632812500e-01
-4.084502756595611572e-01
3.115689754486083984e-01
-1.362226009368896484e+00
8.495231270790100098e-01
-5.957261323928833008e-01
1.440032482147216797e+00
1.715659499168395996e-01
7.055432796478271484e-01
-2.215744256973266602e+00
3.032336831092834473e-01
1.151328086853027344e+00
7.129657864570617676e-01
-3.672966659069061279e-01
-1.813436150550842285e-01
1.027116894721984863e+00
-1.522615790367126465e+00
-2.440728425979614258e+00
3.734099268913269043e-01
2.796676158905029297e-01
-1.210042357444763184e+00
3.850021213293075562e-02
7.925798296928405762e-01
1.753799617290496826e-01
2.248803526163101196e-01
5.000892877578735352e-01
5.061754584312438965e-01
-3.221378922462463379e-01
-1.120202988386154175e-01
1.134993076324462891e+00
-6.726958751678466797e-01
-2.316095590591430664e+00
-5.087396502494812012e-01
-6.843326687812805176e-01
1.551830768585205078e+00
3.690286874771118164e-01
9.419634938240051270e-01
4.332854151725769043e-01
1.150373518466949463e-01
6.873416155576705933e-02
9.298799037933349609e-01
-2.392460852861404419e-01
-1.874628365039825439e-01
1.438227057456970215e+00
-6.462150812149047852e-01
-8.729652166366577148e-01
1.022444486618041992e+00
-9.128308892250061035e-01
-3.589215278625488281e-01
7.680032849311828613e-01
3.436877131462097168e-01
-7.600020766258239746e-01
-6.158749461174011230e-01
-1.625905275344848633e+00
-4.345425069332122803e-01
-1.479248523712158203e+00
1.248887062072753906e+00
2.026351988315582275e-01
-1.474241614341735840e-01
-3.279147669672966003e-02
2.182991981506347656e+00
-1.915091425180435181e-01
-2.454926222562789917e-01
-1.109551668167114258e+00
-9.326835870742797852e-01
1.594572067260742188e+00
1.280140638351440430e+00
-2.229416370391845703e-01
7.097807526588439941e-01
-1.286224484443664551e+00
3.246113657951354980e-01
-2.096938639879226685e-01
-5.569013208150863647e-02
-3.762086629867553711e-01
-4.342059493064880371e-01
3.753320574760437012e-01
-2.923691570758819580e-01
-7.422223687171936035e-01
-1.443474054336547852e+00
-2.187712639570236206e-01
1.901263594627380371e+00
-2.516785264015197754e-01
6.052078008651733398e-01
6.239519119262695312e-01
3.618059158325195312e-01
8.947807550430297852e-01
6.271836161613464355e-01
-8.695604205131530762e-01
-5.477733016014099121e-01
-8.198024034500122070e-01
-7.412387728691101074e-01
-1.287255525588989258e+00
2.786769866943359375e-01
6.520267724990844727e-01
-8.693797141313552856e-02
5.174576640129089355e-01
1.124541044235229492e+00
-5.745021700859069824e-01
-2.338255643844604492e-01
3.797394633293151855e-01
2.524824142456054688e-01
1.728899478912353516e-01
5.755307674407958984e-01
-4.495335519313812256e-01
-1.322447419166564941e+00
2.426710277795791626e-01
9.587895274162292480e-01
-1.432525038719177246e+00
-8.882408738136291504e-01
-2.877064645290374756e-01
-4.271613657474517822e-01
-6.062936186790466309e-01
-9.412296116352081299e-02
2.475560456514358521e-01
1.045223951339721680e+00
-2.194920301437377930e+00
1.629914402961730957e+00
-1.263068467378616333e-01
-6.116445064544677734e-01
-1.334750652313232422e+00
4.776656925678253174e-01
-8.427210897207260132e-02
2.371946811676025391e+00
1.320604562759399414e+00
-7.186321020126342773e-01
-1.001561954617500305e-01
-1.196872830390930176e+00
-7.523810863494873047e-01
-1.053425192832946777e+00
-7.811783999204635620e-02
-1.320983767509460449e+00
-2.432255506515502930e+00
-6.689130067825317383e-01
2.884160727262496948e-02
1.136622071266174316e+00
-3.515691459178924561e-01
2.134511470794677734e+00
-3.519640564918518066e-01
-1.402546882629394531e+00
-1.230379223823547363e+00
1.056640371680259705e-01
7.372403144836425781e-01
-7.486552000045776367e-01
1.589817285537719727e+00
3.665709197521209717e-01
-9.765006899833679199e-01
9.388610720634460449e-01
2.632176280021667480e-01
-4.349903166294097900e-01
-8.087425827980041504e-01
6.271324157714843750e-01
-4.897592961788177490e-01
-7.498124241828918457e-01
-7.900621891021728516e-01
-8.804098367691040039e-01
-1.049370527267456055e+00
-9.752864837646484375e-01
1.039375185966491699e+00
9.603138566017150879e-01
1.165357112884521484e+00
1.147750973701477051e+00
-3.877555429935455322e-01
1.241577863693237305e+00
-1.283362984657287598e+00
-6.955115199089050293e-01
-1.368183851242065430e+00
9.974960088729858398e-01
2.546691335737705231e-02
-4.538472592830657959e-01
7.656342387199401855e-01
-1.988660097122192383e-01
4.899064302444458008e-01
2.153342813253402710e-01
-1.570775151252746582e+00
6.923311352729797363e-01
7.036843299865722656e-01
-4.978174269199371338e-01
-7.983097434043884277e-01
9.488742798566818237e-02
-3.967917859554290771e-01
1.026541829109191895e+00
-3.030806779861450195e-02
-7.668578624725341797e-01
1.253384947776794434e-01
-9.266964197158813477e-01
-1.667244315147399902e+00
-1.648757010698318481e-01
3.950890302658081055e-01
-2.154555320739746094e+00
-8.136988282203674316e-01
-2.581519186496734619e-01
-1.101628065109252930e+00
-3.114248514175415039e-01
-3.142181932926177979e-01
7.411915063858032227e-02
-4.877001643180847168e-01
-1.393356680870056152e+00
-1.041856765747070312e+00
6.272830367088317871e-01
-1.459094047546386719e+00
1.026503324508666992e+00
7.980844974517822266e-01
5.093798041343688965e-01
7.095266133546829224e-02
-1.077406644821166992e+00
1.666833758354187012e-01
1.115399360656738281e+00
9.531995654106140137e-01
3.115768134593963623e-01
-1.589121699333190918e+00
-1.149007916450500488e+00
8.160642981529235840e-01
-6.499700248241424561e-02
-4.886491894721984863e-01
4.147439897060394287e-01
7.134943604469299316e-01
-1.388187170028686523e+00
1.604125738143920898e+00
-5.631751418113708496e-01
-1.440040588378906250e+00
-2.095705643296241760e-02
-1.438368856906890869e-01
3.237775564193725586e-01
-1.072070956230163574e+00
2.925004065036773682e-01
-1.753513514995574951e-02
1.074413299560546875e+00
1.252589464187622070e+00
1.251710414886474609e+00
-2.111179679632186890e-01
-1.085854172706604004e-01
4.401999413967132568e-01
-4.851978421211242676e-01
-3.643022477626800537e-01
4.117705523967742920e-01
-2.658787667751312256e-01
-1.783008337020874023e+00
1.269602179527282715e-01
-1.015936732292175293e+00
7.622148990631103516e-01
-1.323411226272583008e+00
2.192609906196594238e-01
-1.668128728866577148e+00
-1.077600494027137756e-01
-1.006052613258361816e+00
-3.544722199440002441e-01
5.037312507629394531e-01
-1.265837430953979492e+00
-1.386892646551132202e-01
-6.906479597091674805e-01
3.236060440540313721e-01
1.056212067604064941e+00
3.586468398571014404e-01
5.515949726104736328e-01
4.434619843959808350e-01
-4.156020581722259521e-01
-5.288215279579162598e-01
6.821014881134033203e-01
-3.840757012367248535e-01
-3.127641379833221436e-01
8.242650032043457031e-01
5.795130133628845215e-01
4.207243919372558594e-01
2.242740631103515625e+00
-9.675864130258560181e-03
6.405486464500427246e-01
-4.657195508480072021e-01
-1.057402610778808594e+00
9.859557151794433594e-01
8.815846443176269531e-01
1.676009297370910645e+00
-1.231795549392700195e+00
3.634822964668273926e-01
7.056690007448196411e-02
-9.517806768417358398e-02
