5.703205466270446777e-01
1.818179041147232056e-01
-1.525646328926086426e+00
9.784505963325500488e-01
-2.239130884408950806e-01
1.430023193359375000e+00
-8.180026710033416748e-02
-3.883435577154159546e-02
8.011242151260375977e-01
-1.282714158296585083e-01
-3.991087377071380615e-01
-2.394306421279907227e+00
1.303217053413391113e+00
2.038206815719604492e+00
-9.430765509605407715e-01
2.104404687881469727e+00
9.043192267417907715e-01
-8.709901571273803711e-01
6.429725885391235352e-02
2.568776607513427734e+00
-1.951870203018188477e+00
-5.513507127761840820e-02
-4.489684104919433594e-01
4.342715144157409668e-01
-3.518006801605224609e-01
-4.810262918472290039e-01
-1.775897890329360962e-01
-7.306327819824218750e-01
5.268043279647827148e-01
1.157049536705017090e+00
9.573833942413330078e-01
2.311620235443115234e+00
4.330419003963470459e-01
1.629106521606445312e+00
-2.765941806137561798e-02
-7.494162321090698242e-01
-1.310850739479064941e+00
-6.831503510475158691e-01
1.505093812942504883e+00
1.057505488395690918e+00
-4.982275664806365967e-01
-4.875720441341400146e-01
1.753815054893493652e+00
-7.741131186485290527e-01
-2.562702000141143799e-01
-1.411839723587036133e+00
7.636129856109619141e-01
1.664548158645629883e+00
1.096727609634399414e+00
-1.610564231872558594e+00
7.000554800033569336e-01
-1.478866338729858398e+00
3.636718392372131348e-01
6.500993371009826660e-01
6.733527183532714844e-01
-1.470186114311218262e-01
1.272194981575012207e+00
-2.223584651947021484e+00
1.331628203392028809e+00
-8.348353952169418335e-02
1.952330708503723145e+00
8.367358446121215820e-01
4.204234182834625244e-01
9.666848778724670410e-01
-6.914090514183044434e-01
3.837592899799346924e-01
1.525643587112426758e+00
5.903115272521972656e-01
6.168265938758850098e-01
2.601355910301208496e-01
-5.657013058662414551e-01
4.567560851573944092e-01
6.687173247337341309e-01
1.997132301330566406e-01
1.471090793609619141e+00
5.312858819961547852e-01
-8.160051703453063965e-01
-5.600740313529968262e-01
-1.675034016370773315e-01
3.913538157939910889e-01
-3.953574597835540771e-02
9.714495539665222168e-01
-8.140978813171386719e-01
4.038159251213073730e-01
-2.197152674198150635e-01
1.048389300704002380e-01
-9.241126179695129395e-01
3.865463286638259888e-02
-1.361349940299987793e+00
3.193988502025604248e-01
-1.261985301971435547e+00
-1.168485879898071289e+00
-5.619798898696899414e-01
-4.496892690658569336e-01
2.971601784229278564e-01
1.452569663524627686e-01
-1.150858759880065918e+00
1.099255029112100601e-02
1.307915210723876953e+00
-1.162472248077392578e+00
7.644006609916687012e-01
-1.363493680953979492e+00
2.351241186261177063e-02
1.357613444328308105e+00
2.005031585693359375e+00
8.976645469665527344e-01
5.726737529039382935e-02
-7.951546907424926758e-01
3.270520865917205811e-01
-6.175286173820495605e-01
-1.290990352630615234e+00
2.965053617954254150e-01
-1.163417816162109375e+00
-2.611764669418334961e-01
-9.825114011764526367e-01
1.078256726264953613e+00
-1.028529047966003418e+00
1.685695648193359375e+00
8.948888778686523438e-01
3.055531680583953857e-01
1.673098802566528320e+00
1.086753249168395996e+00
9.837862849235534668e-01
-7.752795517444610596e-02
-1.040285825729370117e+00
-2.583077549934387207e-01
-2.279534190893173218e-01
-1.110500454902648926e+00
