-4.728198647499084473e-01
-5.397808551788330078e-01
9.771912097930908203e-01
-4.587064683437347412e-01
1.059428453445434570e+00
5.795999169349670410e-01
-1.043378233909606934e+00
-9.783880114555358887e-01
-1.104841381311416626e-01
6.904401779174804688e-01
2.038274049758911133e+00
1.217604517936706543e+00
-2.046539306640625000e+00
9.099733233451843262e-01
-5.427429080009460449e-01
-8.082226514816284180e-01
8.710457384586334229e-02
5.124111175537109375e-01
5.553385615348815918e-01
-1.407068252563476562e+00
-8.617685437202453613e-01
-9.428134560585021973e-01
-2.951053678989410400e-01
6.742231845855712891e-01
-7.366533279418945312e-01
-5.385547876358032227e-01
4.572338461875915527e-01
1.403743386268615723e+00
-3.220960795879364014e-01
1.831446886062622070e+00
1.691534072160720825e-01
1.643524020910263062e-01
-3.176660835742950439e-01
1.461530208587646484e+00
1.110014542937278748e-01
-1.012504220008850098e+00
3.342617154121398926e-01
9.389904141426086426e-01
1.358524084091186523e+00
-2.938563823699951172e+00
6.062254309654235840e-01
9.873752295970916748e-02
-2.633320331573486328e+00
-1.800809949636459351e-01
-1.117939710617065430e+00
-3.036135137081146240e-01
7.943640351295471191e-01
4.617416262626647949e-01
-3.231258392333984375e-01
-5.138974189758300781e-01
7.933338284492492676e-01
-4.722869992256164551e-01
-5.564188957214355469e-01
4.640280306339263916e-01
-4.926588833332061768e-01
1.201614271849393845e-02
5.394360423088073730e-01
-1.201845884323120117e+00
1.157453775405883789e+00
4.135282337665557861e-01
9.628170728683471680e-01
1.059023663401603699e-01
1.822428226470947266e+00
-4.266031682491302490e-01
9.375649690628051758e-01
1.257315516471862793e+00
1.218253374099731445e+00
7.567325979471206665e-02
-1.242696642875671387e+00
-1.142787188291549683e-01
6.435186862945556641e-01
-8.853095769882202148e-01
1.139479517936706543e+00
7.221180796623229980e-01
-1.944312900304794312e-01
-9.495766162872314453e-01
7.230221033096313477e-01
-6.771200299263000488e-01
8.443989157676696777e-01
-6.951904296875000000e-01
-1.105988502502441406e+00
1.499527454376220703e+00
-1.048646926879882812e+00
7.596334815025329590e-01
6.416869163513183594e-02
-2.261704504489898682e-01
1.305207252502441406e+00
-6.851125955581665039e-01
-5.586116909980773926e-01
1.372132420539855957e+00
8.011865019798278809e-01
8.709638714790344238e-01
-8.219696283340454102e-01
-6.427187323570251465e-01
-4.456548094749450684e-01
-6.418948173522949219e-01
8.486036062240600586e-01
1.204695552587509155e-01
1.097022533416748047e+00
-7.303394675254821777e-01
9.485418200492858887e-01
8.343551754951477051e-01
1.177500605583190918e+00
-2.112576961517333984e+00
-2.041691392660140991e-01
-6.620123386383056641e-01
9.724957942962646484e-01
-5.565708279609680176e-01
4.240612387657165527e-01
-5.434248447418212891e-01
-1.214661121368408203e+00
5.004075765609741211e-01
8.549147844314575195e-01
-4.765316247940063477e-01
-1.067772984504699707e+00
-4.674180969595909119e-02
3.878061771392822266e-01
1.208339259028434753e-01
-1.796857714653015137e+00
6.886173486709594727e-01
-2.139712423086166382e-01
-1.637441515922546387e+00
-1.975874155759811401e-01
-1.872191950678825378e-02
1.003498315811157227e+00
8.252660185098648071e-02
-1.018799185752868652e+00
-1.299099445343017578e+00
6.958100199699401855e-02
9.787496924400329590e-01
-7.076404690742492676e-01
1.719233155250549316e+00
-6.366664171218872070e-01
-2.914143800735473633e-01
6.063784956932067871e-01
-2.330994367599487305e+00
1.787148714065551758e-01
-6.325516104698181152e-01
-7.849205732345581055e-01
3.548811376094818115e-01
-4.757386445999145508e-01
1.759974360466003418e-01
2.248567104339599609e+00
9.250288009643554688e-01
6.307646632194519043e-02
7.329168170690536499e-02
-1.046754240989685059e+00
-2.644553482532501221e-01
-4.306352511048316956e-02
1.050407648086547852e+00
5.280105024576187134e-02
6.760592460632324219e-01
1.063062906265258789e+00
-3.296979367733001709e-01
-9.457306861877441406e-01
2.056755274534225464e-01
-3.917831182479858398e-01
1.746519505977630615e-01
-1.292536377906799316e+00
-2.984037995338439941e-01
-7.964439392089843750e-01
-4.506619274616241455e-01
6.852549314498901367e-02
-6.688641905784606934e-01
-1.258354902267456055e+00
1.110297217965126038e-01
1.506993532180786133e+00
8.210965394973754883e-01
1.665944308042526245e-01
-9.863373637199401855e-02
-2.325915172696113586e-02
1.849264860153198242e+00
-9.685087800025939941e-01
1.061235785484313965e+00
6.835735440254211426e-01
-6.537628769874572754e-01
1.758202314376831055e+00
5.281094312667846680e-01
-1.472890615463256836e+00
6.085190773010253906e-01
-3.289530873298645020e-01
9.904233813285827637e-01
-1.366238743066787720e-01
7.566347718238830566e-02
-1.197015523910522461e+00
-7.416649162769317627e-02
7.771264314651489258e-01
-1.809567213058471680e-01
-8.738480806350708008e-01
-1.087295413017272949e+00
-4.455997645854949951e-01
8.145959377288818359e-01
-5.051486492156982422e-01
-3.776869475841522217e-01
1.030399680137634277e+00
-1.443445205688476562e+00
2.273830622434616089e-01
-4.142207801342010498e-01
-6.416532993316650391e-01
1.141123771667480469e+00
-1.735918283462524414e+00
1.499885678291320801e+00
4.024413824081420898e-01
-4.625559747219085693e-01
1.441063284873962402e+00
-4.741143584251403809e-01
1.225980758666992188e+00
1.536224842071533203e+00
-5.101722478866577148e-01
1.838722944259643555e+00
-1.119978785514831543e+00
-2.233308851718902588e-01
8.548090457916259766e-01
1.285555601119995117e+00
3.570948839187622070e-01
6.117630600929260254e-01
5.549226403236389160e-01
-1.252704560756683350e-01
2.888345718383789062e-01
2.225274890661239624e-01
1.280803799629211426e+00
1.905896961688995361e-01
-2.043513059616088867e+00
-4.657054245471954346e-01
-3.140576481819152832e-01
1.735176444053649902e+00
1.086472630500793457e+00
2.977123856544494629e-01
1.061578035354614258e+00
-1.145937085151672363e+00
1.425444960594177246e+00
2.035713195800781250e-01
1.613247394561767578e+00
6.764376759529113770e-01
3.185628056526184082e-01
-7.274336218833923340e-01
-1.723569512367248535e+00
1.502945870161056519e-01
2.021383643150329590e-01
-2.863582968711853027e-01
-4.504622817039489746e-01
8.996205329895019531e-01
-4.814804196357727051e-01
2.022314518690109253e-01
1.286926984786987305e+00
-5.940685868263244629e-01
8.588871359825134277e-01
8.629209399223327637e-01
1.053572632372379303e-02
4.598919749259948730e-01
-1.614953637123107910e+00
6.325147151947021484e-01
-2.241275459527969360e-01
-6.013635396957397461e-01
3.524704873561859131e-01
3.028846085071563721e-01
-1.047939658164978027e+00
2.508956193923950195e-01
-1.428626924753189087e-01
-4.427810609340667725e-01
-2.755081355571746826e-01
1.094233095645904541e-01
-4.802460316568613052e-03
1.923087239265441895e+00
1.294690489768981934e+00
3.271475434303283691e-01
1.382771611213684082e+00
1.755348801612854004e+00
3.937672376632690430e-01
1.466584324836730957e+00
-5.635538101196289062e-01
-6.724526882171630859e-01
-2.240267843008041382e-01
-8.833627104759216309e-01
-1.147303342819213867e+00
-1.387627571821212769e-01
-1.328777968883514404e-01
-1.759325146675109863e+00
-6.566873788833618164e-01
6.895061731338500977e-01
-1.169196665287017822e-01
6.706482172012329102e-01
-1.066281676292419434e+00
1.552094817161560059e+00
-5.675697922706604004e-01
5.725868791341781616e-02
-1.093577146530151367e+00
1.096725225448608398e+00
1.451384425163269043e-01
2.874686717987060547e-01
-3.351850509643554688e-01
5.952579379081726074e-01
-6.567541956901550293e-01
8.529283404350280762e-01
7.227552533149719238e-01
1.925504922866821289e+00
1.079109013080596924e-01
-1.713576726615428925e-02
1.521495450288057327e-02
2.031995773315429688e+00
1.638786911964416504e+00
1.397137999534606934e+00
2.346542179584503174e-01
5.699898004531860352e-01
1.139586925506591797e+00
-1.998196840286254883e+00
-5.325251072645187378e-02
-9.557750821113586426e-01
5.363255739212036133e-01
7.834333777427673340e-01
2.494694292545318604e-01
2.458352327346801758e+00
-1.152611851692199707e+00
1.248164251446723938e-01
-1.457971334457397461e+00
3.367429077625274658e-01
5.155045390129089355e-01
1.026227831840515137e+00
-3.827555179595947266e-01
5.670390725135803223e-01
1.514596581459045410e+00
-8.294143714010715485e-03
-2.308453768491744995e-01
5.165212154388427734e-01
5.817679166793823242e-01
-3.863544166088104248e-01
1.160959959030151367e+00
-3.210701942443847656e-01
-1.803036212921142578e+00
7.607532143592834473e-01
1.959515690803527832e+00
-2.430137246847152710e-01
1.561278939247131348e+00
2.334416508674621582e-01
4.448212385177612305e-01
-8.675522804260253906e-01
-2.945688962936401367e-01
-1.031509637832641602e+00
1.132729053497314453e+00
6.990799903869628906e-01
-8.872703313827514648e-01
-2.939699450507760048e-03
3.491639196872711182e-01
-3.421945273876190186e-01
-1.336889624595642090e+00
1.340772509574890137e+00
-7.077047824859619141e-01
6.263095736503601074e-01
3.710560798645019531e-01
-1.822433829307556152e+00
6.211884617805480957e-01
-5.936530232429504395e-01
-2.303047180175781250e-01
4.361959099769592285e-01
5.760257691144943237e-02
-7.173324003815650940e-03
-1.276106759905815125e-02
-1.891034096479415894e-01
-4.002061188220977783e-01
4.594563320279121399e-02
7.572263479232788086e-01
2.685364961624145508e+00
1.614784263074398041e-02
7.309915423393249512e-01
-1.202015519142150879e+00
5.255645513534545898e-01
2.278391569852828979e-01
5.827264189720153809e-01
-1.883792877197265625e-01
4.074607193470001221e-01
-5.893127918243408203e-01
-1.117903590202331543e+00
4.974426031112670898e-01
-4.560649096965789795e-01
8.768605589866638184e-01
-7.905610203742980957e-01
-1.639306426048278809e+00
-8.913425803184509277e-01
-6.565603017807006836e-01
1.790132373571395874e-01
-1.631592512130737305e-01
2.262360334396362305e+00
9.280527830123901367e-01
-6.007088422775268555e-01
1.619814991950988770e+00
-9.179878830909729004e-01
4.554727971553802490e-01
-2.480156272649765015e-01
7.554762363433837891e-01
3.010440766811370850e-01
2.141116142272949219e+00
-6.382045894861221313e-02
-5.076221227645874023e-01
-6.265245676040649414e-01
-1.683519124984741211e+00
-4.936164245009422302e-02
-6.033163070678710938e-01
2.046032547950744629e-01
-1.551256418228149414e+00
7.067754864692687988e-01
1.185738146305084229e-01
-7.200761437416076660e-01
-1.978614449501037598e+00
-3.441046714782714844e+00
1.128487110137939453e+00
-2.389095783233642578e+00
7.500430345535278320e-01
7.608262300491333008e-01
1.211350560188293457e+00
1.306033730506896973e+00
-1.228776216506958008e+00
-2.646892666816711426e-01
-1.583581715822219849e-01
-5.224788784980773926e-01
5.847429633140563965e-01
-8.149965405464172363e-01
6.961745023727416992e-01
-2.873759865760803223e-01
5.123422145843505859e-01
-1.331577152013778687e-01
-1.262946367263793945e+00
6.409256458282470703e-01
1.052652478218078613e+00
-2.458206713199615479e-01
2.903136909008026123e-01
8.638384342193603516e-01
-1.636385917663574219e-01
1.011347055435180664e+00
5.382637381553649902e-01
-1.032802700996398926e+00
-1.323744058609008789e+00
3.534176945686340332e-02
-4.190174043178558350e-01
1.070290446281433105e+00
-1.098838567733764648e+00
-2.017873898148536682e-02
-1.973324567079544067e-01
3.327093124389648438e-01
3.868590295314788818e-01
5.603657662868499756e-02
2.960594594478607178e-01
1.136898040771484375e+00
9.721373915672302246e-01
3.888659775257110596e-01
6.061058044433593750e-01
-6.513288617134094238e-01
-2.081457078456878662e-01
7.592210769653320312e-01
-1.262578010559082031e+00
1.560115516185760498e-01
3.047434799373149872e-02
-6.283406019210815430e-01
-5.521818399429321289e-01
7.395462989807128906e-01
-1.167657971382141113e+00
-2.172186374664306641e+00
9.433656930923461914e-01
-9.635527729988098145e-01
-1.411528289318084717e-01
4.627579823136329651e-02
-4.057408496737480164e-02
-4.249714612960815430e-01
-1.496529698371887207e+00
1.499938726425170898e+00
7.661653757095336914e-01
-1.884229660034179688e+00
-1.114318296313285828e-01
-1.880291104316711426e-01
1.335059285163879395e+00
5.624631643295288086e-01
2.318581342697143555e+00
8.604184389114379883e-01
-6.950756907463073730e-01
-1.388503164052963257e-01
-1.251146912574768066e+00
-6.215659976005554199e-01
-3.381279408931732178e-01
1.340014696121215820e+00
2.080869078636169434e-01
-5.693867802619934082e-02
-1.173302173614501953e+00
-1.062856838107109070e-01
1.426993012428283691e+00
4.799730479717254639e-01
1.261462450027465820e+00
1.509608477354049683e-01
1.031953215599060059e+00
2.505874335765838623e-01
1.265784740447998047e+00
5.115246772766113281e-01
-1.421646118164062500e+00
3.957198262214660645e-01
-1.133852228522300720e-01
-1.787586212158203125e-01
-8.576638698577880859e-01
-8.460950851440429688e-01
-4.942353963851928711e-01
-6.282157301902770996e-01
5.873630046844482422e-01
1.105155572295188904e-01
-1.001714944839477539e+00
1.172374129295349121e+00
-5.861067175865173340e-01
4.447320699691772461e-01
-2.938080430030822754e-01
4.504233300685882568e-01
4.111068844795227051e-01
1.161175370216369629e+00
-5.507061481475830078e-01
-1.545551568269729614e-01
-1.302905082702636719e+00
3.741398453712463379e-01
-2.462212145328521729e-01
7.938916683197021484e-01
1.229038685560226440e-01
-1.631360888481140137e+00
8.345063924789428711e-01
-1.620052456855773926e-01
7.685607075691223145e-01
6.560866832733154297e-01
-8.365146517753601074e-01
-5.512381196022033691e-01
2.365370094776153564e-01
-1.247195243835449219e+00
-5.622950196266174316e-02
-1.143516540527343750e+00
-2.803809642791748047e-01
-5.589219927787780762e-01
8.674718737602233887e-01
-7.592940330505371094e-01
5.318755507469177246e-01
7.694745659828186035e-01
1.592088222503662109e+00
-6.734189987182617188e-01
2.307112365961074829e-01
4.810510277748107910e-01
-3.479541093111038208e-02
8.421904593706130981e-02
8.290388584136962891e-01
4.247174561023712158e-01
2.674228698015213013e-02
1.080033063888549805e+00
1.139214754104614258e+00
-2.825504839420318604e-01
1.296457052230834961e+00
-5.698584914207458496e-01
-2.983500361442565918e-01
-1.348265528678894043e+00
5.848675966262817383e-01
1.216108083724975586e+00
1.167775511741638184e+00
-8.529030680656433105e-01
-1.234492182731628418e+00
3.636355698108673096e-02
-2.496934384107589722e-01
-9.308027029037475586e-01
5.194433927536010742e-01
-1.310593962669372559e+00
6.672869324684143066e-01
-2.566647231578826904e-01
9.843923449516296387e-01
-1.480215638875961304e-01
-7.912558317184448242e-02
-9.358624815940856934e-01
-6.805780529975891113e-02
1.957740426063537598e+00
-4.122960567474365234e-01
1.059460639953613281e-01
-1.454553365707397461e+00
3.721174895763397217e-01
-1.302586436271667480e+00
3.042083382606506348e-01
1.003526210784912109e+00
-4.058565497398376465e-01
-1.172009587287902832e+00
1.005524277687072754e+00
-1.350185155868530273e+00
5.996377468109130859e-01
-7.475510239601135254e-01
1.073144674301147461e+00
5.776404738426208496e-01
-3.447427153587341309e-01
9.026534557342529297e-01
-2.180046319961547852e+00
1.507837176322937012e+00
-9.857898354530334473e-01
2.098248243331909180e+00
4.973306953907012939e-01
6.521740555763244629e-02
8.642336130142211914e-01
-8.615530133247375488e-01
6.771908402442932129e-01
-1.885069489479064941e+00
-2.438793033361434937e-01
7.059694528579711914e-01
-1.549682378768920898e+00
-3.754941523075103760e-01
-7.298471331596374512e-01
7.894860580563545227e-03
9.027133882045745850e-02
-1.487159729003906250e+00
-1.476482868194580078e+00
7.792367339134216309e-01
-2.737252712249755859e-01
1.548254489898681641e+00
5.490300059318542480e-01
7.945939302444458008e-01
-1.193539381027221680e+00
-8.397330045700073242e-01
4.647510647773742676e-01
-1.524460911750793457e-01
1.556616902351379395e+00
-9.061903953552246094e-01
9.527770876884460449e-01
8.063650727272033691e-01
-9.773970246315002441e-01
-4.830864369869232178e-01
1.610798358917236328e+00
-3.122401535511016846e-01
6.087548285722732544e-02
3.441681861877441406e-01
-1.169785499572753906e+00
-4.509470760822296143e-01
1.520116627216339111e-01
5.608865022659301758e-01
1.075572133064270020e+00
-1.469433903694152832e+00
5.948652625083923340e-01
-7.242379188537597656e-01
1.152917981147766113e+00
-1.180039644241333008e+00
-5.141884088516235352e-01
1.192928194999694824e+00
-2.692740857601165771e-01
-2.117544710636138916e-01
6.521564126014709473e-01
2.812752127647399902e-01
1.355116367340087891e+00
6.323364973068237305e-01
-1.284788608551025391e+00
-1.674314260482788086e+00
6.713036894798278809e-01
1.213689520955085754e-01
-4.275556206703186035e-01
1.020926907658576965e-01
-1.183246612548828125e+00
-9.472892433404922485e-02
-1.471171379089355469e-01
-8.147685974836349487e-02
1.515902876853942871e+00
-1.514429599046707153e-02
-2.557316780090332031e+00
-7.962902784347534180e-01
2.314082235097885132e-01
2.715918123722076416e-01
3.693983852863311768e-01
-7.511370182037353516e-01
-9.729412794113159180e-01
1.881338596343994141e+00
-4.617333114147186279e-01
-1.199401170015335083e-01
-1.164314389228820801e+00
-5.364761352539062500e-01
-2.346725702285766602e+00
-1.294765472412109375e-01
-1.282535195350646973e+00
1.531205296516418457e+00
-9.223662316799163818e-02
3.446246087551116943e-01
7.791953682899475098e-01
-6.113864183425903320e-01
8.721950650215148926e-01
-4.690050706267356873e-02
-3.777139484882354736e-01
-8.878347463905811310e-03
-1.055503010749816895e+00
-4.093601107597351074e-01
6.172431111335754395e-01
1.553063243627548218e-01
1.692014813423156738e+00
1.045149803161621094e+00
-1.962293505668640137e+00
1.877495884895324707e+00
-1.224704623222351074e+00
-1.680695652961730957e+00
-5.125765204429626465e-01
1.793075561523437500e+00
3.796246051788330078e-01
-3.224201202392578125e-01
-3.303195536136627197e-01
6.634787321090698242e-01
6.847913861274719238e-01
8.119693398475646973e-01
-2.648186683654785156e+00
1.497085094451904297e+00
-2.256845496594905853e-02
-1.753495633602142334e-01
-7.136600017547607422e-01
-1.331434965133666992e+00
-1.468025986105203629e-02
-1.984092444181442261e-01
-1.111042141914367676e+00
-1.706904768943786621e+00
4.728348553180694580e-01
9.761078357696533203e-01
1.034871578216552734e+00
-1.756712794303894043e+00
-7.365082502365112305e-01
9.325017333030700684e-01
1.037351489067077637e+00
-1.034893155097961426e+00
-1.604382395744323730e+00
1.015834569931030273e+00
-7.187522649765014648e-01
-4.432939589023590088e-01
-9.779782295227050781e-01
1.505713462829589844e-01
-5.019323229789733887e-01
1.428147852420806885e-01
-1.791913986206054688e+00
1.637991428375244141e+00
-5.709696412086486816e-01
-1.320600509643554688e-01
1.246345520019531250e+00
-4.653901755809783936e-01
-1.540314108133316040e-01
8.856168985366821289e-01
-2.619940936565399170e-01
1.490305185317993164e+00
1.979407221078872681e-01
-1.418259382247924805e+00
1.689095050096511841e-01
-5.581356119364500046e-03
-1.832419157028198242e+00
1.174590468406677246e+00
-3.028118051588535309e-03
-2.187632024288177490e-01
-1.238175511360168457e+00
4.080626964569091797e-01
-1.924763560295104980e+00
1.252895444631576538e-01
3.699992299079895020e-01
-2.065553069114685059e-01
-8.058927655220031738e-01
3.169083893299102783e-01
4.553121328353881836e-01
1.015796780586242676e+00
-5.527014732360839844e-01
7.240511178970336914e-01
-1.765825033187866211e+00
-5.881355404853820801e-01
1.702885180711746216e-01
-1.045554131269454956e-01
-4.455229341983795166e-01
4.333557933568954468e-02
-4.731341898441314697e-01
2.759418487548828125e-01
1.106526613235473633e+00
-1.109657406806945801e+00
-2.243979275226593018e-01
6.683171391487121582e-01
-1.641737818717956543e+00
3.899948596954345703e-01
2.453766912221908569e-01
-4.147767722606658936e-01
7.414355278015136719e-01
-2.215230166912078857e-01
2.331481873989105225e-01
-1.140474081039428711e+00
6.541088819503784180e-01
-1.018234372138977051e+00
-4.312721192836761475e-01
5.869629606604576111e-02
1.257162168622016907e-02
8.732205629348754883e-01
4.566565752029418945e-01
5.245651006698608398e-01
4.631583988666534424e-01
-9.606351256370544434e-01
-2.063324302434921265e-01
3.578582406044006348e-01
-6.151263117790222168e-01
7.710156440734863281e-01
-8.499748110771179199e-01
-1.376845121383666992e+00
-8.337647914886474609e-01
6.184735894203186035e-02
7.237188220024108887e-01
2.093601226806640625e+00
-1.475468397140502930e+00
1.861530423164367676e+00
-1.410754621028900146e-01
-1.572549819946289062e+00
1.544116437435150146e-01
-1.210886001586914062e+00
2.349617779254913330e-01
8.427815437316894531e-01
-2.681140303611755371e-01
-2.315049320459365845e-01
-3.014275074005126953e+00
4.539413452148437500e-01
1.693539142608642578e+00
-9.386202096939086914e-01
-7.176315784454345703e-01
7.507027387619018555e-01
-2.988306619226932526e-02
-7.337644696235656738e-01
-3.161260783672332764e-01
-6.210380196571350098e-01
1.629293084144592285e+00
-3.019860088825225830e-01
-3.902096450328826904e-01
-1.403812885284423828e+00
1.832492709159851074e+00
-9.435547590255737305e-01
8.677363991737365723e-01
7.732108235359191895e-01
-4.851872324943542480e-01
-9.097722917795181274e-02
2.753284201025962830e-02
2.557498216629028320e-01
1.234332799911499023e+00
8.413035869598388672e-01
-7.888291478157043457e-01
-1.192943081259727478e-01
1.133966684341430664e+00
-4.382880628108978271e-01
-4.520919024944305420e-01
-4.263775348663330078e-01
-2.570924758911132812e-01
-1.456484317779541016e+00
2.427885681390762329e-01
-1.825910806655883789e-01
1.525408029556274414e-01
6.094648838043212891e-01
-2.541256546974182129e-01
1.027478799223899841e-01
3.181451261043548584e-01
-1.021099567413330078e+00
4.386552274227142334e-01
2.116129845380783081e-01
-4.435367584228515625e-01
-1.050807952880859375e+00
4.967566430568695068e-01
7.319146394729614258e-01
-8.191142678260803223e-01
2.593111693859100342e-01
1.158077836036682129e+00
-2.055612564086914062e+00
-6.340901851654052734e-01
-1.499144673347473145e+00
-1.095377326011657715e+00
-1.055976629257202148e+00
-9.973968863487243652e-01
-9.586435556411743164e-02
-7.778661251068115234e-01
-7.417251169681549072e-02
1.886480927467346191e+00
-4.569672048091888428e-01
1.530604600906372070e+00
-1.903931617736816406e+00
-2.140941143035888672e+00
-1.818162351846694946e-01
3.843019902706146240e-01
4.156700074672698975e-01
-2.706659436225891113e-01
-6.369483470916748047e-01
8.605479598045349121e-01
-5.190194845199584961e-01
1.958897709846496582e-01
1.752152800559997559e+00
8.627912998199462891e-01
-8.114354610443115234e-01
-6.776817440986633301e-01
-1.190178915858268738e-01
5.742487311363220215e-01
4.936776459217071533e-01
9.833264350891113281e-02
-1.450188398361206055e+00
-7.256590127944946289e-01
3.515976667404174805e-01
-8.733434975147247314e-02
5.737278610467910767e-02
2.830192744731903076e-01
1.353720575571060181e-01
-1.657588601112365723e+00
-6.008433699607849121e-01
9.090141654014587402e-01
1.060444951057434082e+00
-3.279061019420623779e-01
-7.471986413002014160e-01
1.313989639282226562e+00
-6.357274055480957031e-01
-1.000567793846130371e+00
-1.338006615638732910e+00
1.963656902313232422e+00
4.847616255283355713e-01
-7.896196842193603516e-01
2.491266727447509766e+00
5.252633094787597656e-01
-4.781439006328582764e-01
-1.637846469879150391e+00
-1.502249240875244141e+00
-2.877951040863990784e-02
7.067159414291381836e-01
6.361865401268005371e-01
1.617032170295715332e+00
1.020364686846733093e-01
7.615965325385332108e-03
5.624101758003234863e-01
6.621757745742797852e-01
2.015040442347526550e-02
-1.283373832702636719e+00
1.145560741424560547e+00
1.196579486131668091e-01
5.318612456321716309e-01
7.567107677459716797e-01
4.765060245990753174e-01
1.459413528442382812e+00
-9.899829626083374023e-01
1.195665240287780762e+00
7.455528378486633301e-01
-7.990862727165222168e-01
-4.168306887149810791e-01
1.362151741981506348e+00
8.400962948799133301e-01
-1.729777216911315918e+00
-4.820700734853744507e-02
-3.872951269149780273e-01
1.285622119903564453e+00
1.287264704704284668e+00
-8.006818294525146484e-01
-5.708131194114685059e-01
-2.970046401023864746e-01
2.254764556884765625e+00
-8.037889376282691956e-03
1.121560454368591309e+00
-1.945832520723342896e-01
-7.729418277740478516e-01
-9.417461752891540527e-01
-1.508551929146051407e-02
-1.223220109939575195e+00
1.171397209167480469e+00
2.366569340229034424e-01
1.283246636390686035e+00
-8.116445541381835938e-01
9.533963203430175781e-01
1.682504713535308838e-01
-1.223987698554992676e+00
-1.682677984237670898e+00
6.568693369626998901e-02
-3.362345099449157715e-01
2.024806141853332520e-01
-5.150170922279357910e-01
3.713041782379150391e+00
-1.008678153157234192e-01
1.022806316614151001e-01
1.730980992317199707e+00
-8.028512597084045410e-01
-3.012916147708892822e-01
9.863796830177307129e-01
1.517843008041381836e+00
-2.832284942269325256e-02
-9.747099876403808594e-01
-1.387907713651657104e-01
-5.000200867652893066e-01
3.891331255435943604e-01
-2.861887216567993164e-01
-6.056125760078430176e-01
-8.301042914390563965e-01
4.684083163738250732e-01
4.687151908874511719e-01
1.482632756233215332e+00
1.387006193399429321e-01
6.217405200004577637e-01
8.329426050186157227e-01
-4.526926875114440918e-01
1.345522165298461914e+00
4.301885068416595459e-01
-1.279406070709228516e+00
4.579759761691093445e-02
3.197059035301208496e-01
1.059657216072082520e+00
-7.004684805870056152e-01
6.948371529579162598e-01
-4.880705177783966064e-01
9.885433316230773926e-01
-6.553533077239990234e-01
1.541302800178527832e+00
-6.155791282653808594e-01
3.945569097995758057e-01
-2.482931166887283325e-01
-3.861393034458160400e-01
-9.792701005935668945e-01
-1.333117932081222534e-01
9.109420180320739746e-01
6.199710369110107422e-01
2.933248132467269897e-02
-4.402807354927062988e-01
-9.316856265068054199e-01
